WRIST.x,WRIST.y,WRIST.z,THUMB_CMC.x,THUMB_CMC.y,THUMB_CMC.z,THUMB_MCP.x,THUMB_MCP.y,THUMB_MCP.z,THUMB_IP.x,THUMB_IP.y,THUMB_IP.z,THUMB_TIP.x,THUMB_TIP.y,THUMB_TIP.z,INDEX_FINGER_MCP.x,INDEX_FINGER_MCP.y,INDEX_FINGER_MCP.z,INDEX_FINGER_PIP.x,INDEX_FINGER_PIP.y,INDEX_FINGER_PIP.z,INDEX_FINGER_DIP.x,INDEX_FINGER_DIP.y,INDEX_FINGER_DIP.z,INDEX_FINGER_TIP.x,INDEX_FINGER_TIP.y,INDEX_FINGER_TIP.z,MIDDLE_FINGER_MCP.x,MIDDLE_FINGER_MCP.y,MIDDLE_FINGER_MCP.z,MIDDLE_FINGER_PIP.x,MIDDLE_FINGER_PIP.y,MIDDLE_FINGER_PIP.z,MIDDLE_FINGER_DIP.x,MIDDLE_FINGER_DIP.y,MIDDLE_FINGER_DIP.z,MIDDLE_FINGER_TIP.x,MIDDLE_FINGER_TIP.y,MIDDLE_FINGER_TIP.z,RING_FINGER_MCP.x,RING_FINGER_MCP.y,RING_FINGER_MCP.z,RING_FINGER_PIP.x,RING_FINGER_PIP.y,RING_FINGER_PIP.z,RING_FINGER_DIP.x,RING_FINGER_DIP.y,RING_FINGER_DIP.z,RING_FINGER_TIP.x,RING_FINGER_TIP.y,RING_FINGER_TIP.z,PINKY_MCP.x,PINKY_MCP.y,PINKY_MCP.z,PINKY_PIP.x,PINKY_PIP.y,PINKY_PIP.z,PINKY_DIP.x,PINKY_DIP.y,PINKY_DIP.z,PINKY_TIP.x,PINKY_TIP.y,PINKY_TIP.z,TIME
0.6316752433776855,0.5188151597976685,0.0,0.6130104064941406,0.527524471282959,-0.00400941027328372,0.5992827415466309,0.5526353120803833,-0.009321416728198528,0.589666485786438,0.5768519639968872,-0.01357896439731121,0.5788714289665222,0.5902446508407593,-0.01878335513174534,0.6098613142967224,0.538924515247345,-0.021901661530137062,0.6033175587654114,0.5618241429328918,-0.02996608056128025,0.5997611284255981,0.5803753733634949,-0.03343476355075836,0.5968265533447266,0.5983115434646606,-0.03609771654009819,0.6229589581489563,0.5479228496551514,-0.023948950693011284,0.6195783615112305,0.5709284543991089,-0.03267207741737366,0.6174938678741455,0.591976523399353,-0.035246532410383224,0.615851640701294,0.6112934350967407,-0.0378500260412693,0.6343043446540833,0.5535727739334106,-0.02505137026309967,0.6352577805519104,0.5737928152084351,-0.03434409573674202,0.6341008543968201,0.593008816242218,-0.03780660405755043,0.6325262188911438,0.6106929779052734,-0.04031963273882866,0.6436609029769897,0.5560309886932373,-0.0258183516561985,0.6532118916511536,0.5689821839332581,-0.0341540202498436,0.6599353551864624,0.5784314870834351,-0.03749990835785866,0.6650033593177795,0.5897738337516785,-0.03977885842323303,0.621252400000003
0.6312831044197083,0.5186696648597717,0.0,0.6128135323524475,0.5277042984962463,-0.0038783056661486626,0.5994284152984619,0.5529789328575134,-0.009316674433648586,0.5898661613464355,0.5772958397865295,-0.013629206456243992,0.5787885189056396,0.590222179889679,-0.018821612000465393,0.6097086071968079,0.5381190776824951,-0.022495584562420845,0.6032909154891968,0.5618452429771423,-0.030744075775146484,0.5997852087020874,0.5810269117355347,-0.03414261341094971,0.5968428254127502,0.5993061661720276,-0.03669775277376175,0.6229546666145325,0.54685378074646,-0.024499893188476562,0.6197416186332703,0.5705764889717102,-0.03351898491382599,0.6176176071166992,0.5922691822052002,-0.03596554324030876,0.6159588694572449,0.6120386123657227,-0.03839686140418053,0.6344587206840515,0.552660346031189,-0.025472844019532204,0.6356299519538879,0.5732040405273438,-0.03499318286776543,0.6343718767166138,0.5928007960319519,-0.03822241351008415,0.632668137550354,0.610637366771698,-0.040458302944898605,0.6438441872596741,0.5557026863098145,-0.026059048250317574,0.6533908843994141,0.568973958492279,-0.03436145931482315,0.6599657535552979,0.5786428451538086,-0.03757389634847641,0.6648468375205994,0.5900228023529053,-0.03972374275326729,0.6810796000000039
0.6315760016441345,0.5200796127319336,0.0,0.6129039525985718,0.5286758542060852,-0.003974624443799257,0.5992878079414368,0.5541226863861084,-0.009231911972165108,0.589759886264801,0.5785531997680664,-0.013368756510317326,0.5790068507194519,0.5924710035324097,-0.01840178482234478,0.6101602911949158,0.5391201972961426,-0.021733483299613,0.6034598350524902,0.56227707862854,-0.02955794706940651,0.5996701121330261,0.5811389088630676,-0.03278282284736633,0.5964265465736389,0.5993075370788574,-0.035247933119535446,0.6233405470848083,0.5480388402938843,-0.023593097925186157,0.6198446154594421,0.5717087388038635,-0.03212865814566612,0.6173097491264343,0.5928738713264465,-0.034475717693567276,0.6154681444168091,0.6122321486473083,-0.036867257207632065,0.6347170472145081,0.5540143251419067,-0.024474000558257103,0.6351320147514343,0.5746288299560547,-0.03359158709645271,0.6334683895111084,0.5941907167434692,-0.036808885633945465,0.6317564249038696,0.6119162440299988,-0.03910877928137779,0.6439368724822998,0.5570375323295593,-0.025007547810673714,0.6530660390853882,0.570460319519043,-0.033095721155405045,0.6595104932785034,0.5801188349723816,-0.03627024590969086,0.6645947694778442,0.5913997888565063,-0.03841226175427437,0.7370147999999972
0.6319218277931213,0.5216141939163208,0.0,0.6132712960243225,0.5300662517547607,-0.0037284221034497023,0.5993930101394653,0.5556325912475586,-0.00874674879014492,0.589605450630188,0.5800309777259827,-0.012744939886033535,0.5788399577140808,0.5941293239593506,-0.017688889056444168,0.6098814010620117,0.5407898426055908,-0.0207254309207201,0.6028940081596375,0.5643194317817688,-0.028315071016550064,0.599524199962616,0.5834535360336304,-0.0315137580037117,0.596851110458374,0.6016719341278076,-0.03400471806526184,0.6228914856910706,0.5494041442871094,-0.022748857736587524,0.6193811893463135,0.574063777923584,-0.030992416664958,0.61745285987854,0.5956614017486572,-0.03350229561328888,0.6160843372344971,0.6150608658790588,-0.03610876947641373,0.6342871189117432,0.5551555752754211,-0.023847883567214012,0.6346436738967896,0.5764795541763306,-0.03277866169810295,0.6330644488334656,0.5960294604301453,-0.03627438843250275,0.6312575340270996,0.6139713525772095,-0.03889194130897522,0.6435752511024475,0.5579904913902283,-0.024589765816926956,0.6526313424110413,0.5720264911651611,-0.0326697900891304,0.6591141223907471,0.5812939405441284,-0.036007948219776154,0.6641560792922974,0.592365026473999,-0.03835240751504898,0.7895190000000127
0.6304523348808289,0.5203349590301514,0.0,0.6128544807434082,0.5298057794570923,-0.004031747579574585,0.5996578335762024,0.5565962791442871,-0.009378163143992424,0.5898299813270569,0.5806119441986084,-0.013656807132065296,0.5795776844024658,0.5938939452171326,-0.018853742629289627,0.6099573969841003,0.5436371564865112,-0.021544067189097404,0.6031576991081238,0.5659083127975464,-0.029637431725859642,0.5996003746986389,0.5841429233551025,-0.032945919781923294,0.5964389443397522,0.6012061238288879,-0.03544438257813454,0.6227586269378662,0.5512471795082092,-0.023560283705592155,0.6194952726364136,0.5749709010124207,-0.032721422612667084,0.6175923943519592,0.5960887670516968,-0.03535362705588341,0.6158980131149292,0.6150313019752502,-0.037824418395757675,0.6341591477394104,0.5556454062461853,-0.02467386983335018,0.6352138519287109,0.5768177509307861,-0.03447764366865158,0.6337523460388184,0.5972350835800171,-0.037917111068964005,0.6316117644309998,0.6161083579063416,-0.04020656645298004,0.6436609029769897,0.5577278137207031,-0.02540905773639679,0.6529516577720642,0.5716434717178345,-0.033892761915922165,0.6591050624847412,0.5816783905029297,-0.037144940346479416,0.6633131504058838,0.5935747027397156,-0.03927455469965935,0.8449717000000021
0.6319097280502319,0.5215834975242615,0.0,0.6135096549987793,0.5305895209312439,-0.0038239560090005398,0.5997788310050964,0.5567663311958313,-0.008661565370857716,0.5896701812744141,0.5818945169448853,-0.012243377044796944,0.5791596174240112,0.5954570174217224,-0.016596194356679916,0.611004650592804,0.5413782596588135,-0.021060721948742867,0.6039102077484131,0.565362811088562,-0.027879422530531883,0.5999416708946228,0.5846755504608154,-0.030206644907593727,0.596566379070282,0.603645920753479,-0.03212152421474457,0.6240151524543762,0.5512385964393616,-0.02260737679898739,0.6202748417854309,0.5758161544799805,-0.02988237701356411,0.6178270578384399,0.5965258479118347,-0.03138042613863945,0.6163095235824585,0.6153108477592468,-0.033276159316301346,0.6353105902671814,0.5582342147827148,-0.02314256876707077,0.6351391673088074,0.5797299146652222,-0.03114105388522148,0.6333392858505249,0.5985192060470581,-0.034165024757385254,0.6316871047019958,0.6154818534851074,-0.03647451847791672,0.6442908644676208,0.5623053312301636,-0.02333722822368145,0.6534287929534912,0.5760926008224487,-0.030695514753460884,0.660153865814209,0.5858033895492554,-0.033944085240364075,0.6656466126441956,0.5976076126098633,-0.03624813258647919,0.9018916999999931
0.6312344074249268,0.5217064619064331,0.0,0.6128237843513489,0.531383752822876,-0.0032620520796626806,0.5995084047317505,0.5580492615699768,-0.007864038459956646,0.5900636315345764,0.5832192301750183,-0.011366263963282108,0.5797631740570068,0.5966429710388184,-0.015671253204345703,0.6110184192657471,0.5426596999168396,-0.020314766094088554,0.6046136617660522,0.5672130584716797,-0.027259772643446922,0.6011614203453064,0.586824893951416,-0.02974228374660015,0.5983213186264038,0.6058954000473022,-0.03171999752521515,0.6241006255149841,0.5522488355636597,-0.0221395306289196,0.6210918426513672,0.5777133107185364,-0.029478713870048523,0.6187706589698792,0.5985870361328125,-0.03119649551808834,0.6173456311225891,0.6175418496131897,-0.03323885798454285,0.6353767514228821,0.5588527917861938,-0.02294573374092579,0.6359859704971313,0.5808103084564209,-0.03112165816128254,0.6341533064842224,0.5999405384063721,-0.03434353694319725,0.6325365900993347,0.617562472820282,-0.03673839569091797,0.644447922706604,0.5624316334724426,-0.0233421940356493,0.6537388563156128,0.5763556957244873,-0.03073657862842083,0.6605758666992188,0.5865284204483032,-0.0340128168463707,0.6664103269577026,0.598804771900177,-0.03633084520697594,0.9594530999999904
0.632305920124054,0.5221933126449585,0.0,0.6138293743133545,0.5313344597816467,-0.003998462576419115,0.6002575755119324,0.5579793453216553,-0.008848517201840878,0.5905996561050415,0.583707332611084,-0.012454687617719173,0.580083429813385,0.5967382788658142,-0.01685408689081669,0.6123704314231873,0.5420354008674622,-0.02136564813554287,0.6057181358337402,0.5669084191322327,-0.028247104957699776,0.6021144986152649,0.5860950946807861,-0.03055730275809765,0.5992763638496399,0.6043648719787598,-0.0324365571141243,0.6254705786705017,0.5525119304656982,-0.022884247824549675,0.6221179962158203,0.5779430270195007,-0.02999001368880272,0.6195544004440308,0.5984728932380676,-0.03155571594834328,0.6180191040039062,0.6167545914649963,-0.033577729016542435,0.6365370750427246,0.559797465801239,-0.02338307537138462,0.636565089225769,0.5820955634117126,-0.03127317130565643,0.6344378590583801,0.6008503437042236,-0.034571729600429535,0.6326902508735657,0.6176118850708008,-0.037181880325078964,0.6452027559280396,0.5638341903686523,-0.02354390360414982,0.6546438336372375,0.5773352384567261,-0.030833931639790535,0.6618103981018066,0.5867733955383301,-0.03422461822628975,0.6679438948631287,0.5982785224914551,-0.03671197220683098,1.014861400000001
0.632313072681427,0.5210422873497009,0.0,0.6135449409484863,0.531149685382843,-0.003769519040361047,0.5999970436096191,0.5576481819152832,-0.008607283234596252,0.5905801653862,0.5826483964920044,-0.012355540879070759,0.5801553726196289,0.5964279770851135,-0.01689496450126171,0.6118549704551697,0.5434081554412842,-0.02074928767979145,0.6053426265716553,0.5675260424613953,-0.027801332995295525,0.6018611192703247,0.5863039493560791,-0.030385607853531837,0.5989986658096313,0.6045461297035217,-0.0324464850127697,0.6251204013824463,0.5536920428276062,-0.02254045195877552,0.6219632029533386,0.5781905651092529,-0.029761333018541336,0.6196913123130798,0.5983547568321228,-0.031537093222141266,0.6183271408081055,0.6165923476219177,-0.033712875097990036,0.6365238428115845,0.5606140494346619,-0.023368030786514282,0.6366171836853027,0.5825506448745728,-0.03131484612822533,0.6348665356636047,0.6012205481529236,-0.034801751375198364,0.6334423422813416,0.6181153059005737,-0.03755754604935646,0.6456012725830078,0.563996434211731,-0.023866767063736916,0.6550030708312988,0.5770730376243591,-0.031157443299889565,0.6621769070625305,0.5864832401275635,-0.03462344408035278,0.6683571338653564,0.5980972647666931,-0.037204157561063766,1.0755286000000126
0.6333120465278625,0.5214265584945679,0.0,0.6146717071533203,0.5307214260101318,-0.004373582545667887,0.6007929444313049,0.5572877526283264,-0.009526414796710014,0.5909916758537292,0.5829887390136719,-0.013454778119921684,0.5802394151687622,0.5966851115226746,-0.01822846382856369,0.6127405166625977,0.5409541130065918,-0.022238295525312424,0.6061756014823914,0.5659006834030151,-0.029511868953704834,0.6023896932601929,0.5854648351669312,-0.032141443341970444,0.5993756651878357,0.6046148538589478,-0.034262821078300476,0.6260678768157959,0.5516793131828308,-0.02382696606218815,0.6226720809936523,0.577094316482544,-0.031216127797961235,0.6203745603561401,0.5979700684547424,-0.032853733748197556,0.6190864443778992,0.6167681813240051,-0.03499206528067589,0.6372890472412109,0.5590630769729614,-0.024402208626270294,0.6372674107551575,0.581592321395874,-0.03245515003800392,0.6354613900184631,0.6003460884094238,-0.035763636231422424,0.6339924931526184,0.6173139810562134,-0.03848348930478096,0.6461389660835266,0.5629504919052124,-0.02470013126730919,0.6555567383766174,0.5763013362884521,-0.03223235532641411,0.6629868149757385,0.5854589939117432,-0.0356881283223629,0.6693604588508606,0.5969337224960327,-0.038261644542217255,1.1335539000000097
0.6325388550758362,0.5210878252983093,0.0,0.6136465668678284,0.5310349464416504,-0.003890345338732004,0.6004390120506287,0.5575379133224487,-0.008834879845380783,0.5914021134376526,0.5829722881317139,-0.012589418329298496,0.581196665763855,0.5966698527336121,-0.017230544239282608,0.612608790397644,0.5424820780754089,-0.02195930853486061,0.6061774492263794,0.5665310621261597,-0.02943962998688221,0.6027334928512573,0.5856224298477173,-0.03224489092826843,0.5999807119369507,0.6038249135017395,-0.03446444496512413,0.6258870363235474,0.552924633026123,-0.023759175091981888,0.6228222250938416,0.5775146484375,-0.031482040882110596,0.6204175353050232,0.598179042339325,-0.033509861677885056,0.6188210248947144,0.6164941787719727,-0.035903286188840866,0.6371859908103943,0.5597044825553894,-0.02453135885298252,0.6377360820770264,0.5810268521308899,-0.03294891491532326,0.6355118155479431,0.6000864505767822,-0.03680861368775368,0.6335071325302124,0.6175362467765808,-0.0398312509059906,0.6461165547370911,0.5627501010894775,-0.024939540773630142,0.6558818817138672,0.5756911635398865,-0.03274812176823616,0.6629884839057922,0.5856679081916809,-0.03663184493780136,0.6689948439598083,0.5980924963951111,-0.039508040994405746,1.1929259000000059
0.6336010694503784,0.5198644399642944,0.0,0.6149125695228577,0.5295069813728333,-0.004428919870406389,0.6009975075721741,0.5560183525085449,-0.009754868224263191,0.5912720561027527,0.5818859934806824,-0.013845677487552166,0.5802352428436279,0.5961080193519592,-0.018702836707234383,0.6127719283103943,0.5406937003135681,-0.022962845861911774,0.6055248379707336,0.5657750964164734,-0.030455557629466057,0.6020715832710266,0.5851673483848572,-0.03303028270602226,0.5996889472007751,0.6031018495559692,-0.03504369407892227,0.6260914206504822,0.5515658855438232,-0.024564674124121666,0.6222875118255615,0.5771304368972778,-0.032299142330884933,0.6200866103172302,0.5983753204345703,-0.033867742866277695,0.6188908219337463,0.6168168783187866,-0.03588370978832245,0.6372319459915161,0.5589402914047241,-0.02511489763855934,0.6371839046478271,0.5815395712852478,-0.03318551927804947,0.6354633569717407,0.6003413200378418,-0.03615034744143486,0.6339814066886902,0.6169919371604919,-0.038643840700387955,0.6460559368133545,0.5625498294830322,-0.025412509217858315,0.6552882194519043,0.5761426687240601,-0.032873958349227905,0.6625593900680542,0.5856783390045166,-0.036134108901023865,0.6686317920684814,0.5972995758056641,-0.03855295106768608,1.2478374000000088
0.6331114172935486,0.521335244178772,0.0,0.6143147349357605,0.5310560464859009,-0.0037187612615525723,0.6007020473480225,0.5566709041595459,-0.008678448386490345,0.5912500023841858,0.5814275145530701,-0.012545556761324406,0.5803501009941101,0.5956331491470337,-0.017215164378285408,0.6124802231788635,0.5402337908744812,-0.02105209417641163,0.6056159734725952,0.56513911485672,-0.027960311621427536,0.6020787954330444,0.5850021839141846,-0.030451355502009392,0.5992906093597412,0.6038399934768677,-0.03249308094382286,0.6257350444793701,0.550595223903656,-0.02289097011089325,0.6224589347839355,0.5763583779335022,-0.030244726687669754,0.6199803948402405,0.5979565382003784,-0.032155875116586685,0.6184554696083069,0.6171687245368958,-0.03443482518196106,0.6370599865913391,0.5580675601959229,-0.023652344942092896,0.637062132358551,0.5809921026229858,-0.03153952211141586,0.6352410912513733,0.6002609133720398,-0.03490336984395981,0.6337317228317261,0.6172635555267334,-0.037635356187820435,0.6458517909049988,0.5624475479125977,-0.02408214658498764,0.6551761627197266,0.5761001706123352,-0.031306251883506775,0.6622649431228638,0.5856813788414001,-0.03461869806051254,0.6682319641113281,0.5972107648849487,-0.03711726516485214,1.301608299999998
0.632495105266571,0.5213369131088257,0.0,0.6134485006332397,0.5303758978843689,-0.0037371166981756687,0.5999851226806641,0.5559555292129517,-0.008815695531666279,0.5911053419113159,0.5809286236763,-0.012773443944752216,0.5804365873336792,0.5949854254722595,-0.017531564459204674,0.6118519902229309,0.5406731963157654,-0.021532148122787476,0.6048839092254639,0.5657828450202942,-0.028873693197965622,0.6014633178710938,0.5855076909065247,-0.03167927265167236,0.5987945795059204,0.6038243174552917,-0.033891480416059494,0.625095784664154,0.5511004328727722,-0.023352164775133133,0.6216445565223694,0.5766608119010925,-0.031137656420469284,0.6190823316574097,0.5979769825935364,-0.033298324793577194,0.6174585223197937,0.616775393486023,-0.03572465479373932,0.6364979147911072,0.5584905743598938,-0.02409222535789013,0.6365741491317749,0.5806187391281128,-0.03243013471364975,0.634625256061554,0.6001716256141663,-0.03609231859445572,0.6330012679100037,0.6175398230552673,-0.0389520637691021,0.64547199010849,0.5625832080841064,-0.024457253515720367,0.6546029448509216,0.5755594372749329,-0.03194749727845192,0.6614269614219666,0.5848379731178284,-0.03543753921985626,0.6673091650009155,0.5961213707923889,-0.03803623467683792,1.3743583000000115
0.632129430770874,0.5198866128921509,0.0,0.6131958961486816,0.5293890237808228,-0.0036719394847750664,0.599841296672821,0.5553461313247681,-0.00859630387276411,0.5906605124473572,0.58001309633255,-0.01246471144258976,0.5798531174659729,0.5942352414131165,-0.0171603262424469,0.6112083792686462,0.5415855050086975,-0.020688900724053383,0.6042250990867615,0.5661577582359314,-0.027905484661459923,0.600878119468689,0.5853908061981201,-0.030731583014130592,0.5982401967048645,0.6036146879196167,-0.032979827374219894,0.6244063973426819,0.5521019101142883,-0.022597379982471466,0.6211563348770142,0.576880693435669,-0.03020213171839714,0.6188238859176636,0.5975962281227112,-0.03237348049879074,0.6173617243766785,0.6159934401512146,-0.034807417541742325,0.6358335614204407,0.559241771697998,-0.023531455546617508,0.636021077632904,0.5812956690788269,-0.031727276742458344,0.6343980431556702,0.6002824306488037,-0.0354023277759552,0.6329945921897888,0.6174095273017883,-0.03830169513821602,0.644931972026825,0.562745988368988,-0.024126430973410606,0.6545992493629456,0.5757729411125183,-0.03160373121500015,0.6617271900177002,0.5848302245140076,-0.035096678882837296,0.6676154136657715,0.5961584448814392,-0.03769410401582718,1.4310591999999929
0.632037878036499,0.5196320414543152,0.0,0.6130715012550354,0.5295884013175964,-0.003666284494102001,0.5995047688484192,0.5557247400283813,-0.008574800565838814,0.5902521014213562,0.5810129046440125,-0.01244431734085083,0.5797320604324341,0.5956765413284302,-0.017051149159669876,0.6109662652015686,0.5410535931587219,-0.020663179457187653,0.6039533019065857,0.5656702518463135,-0.027579370886087418,0.6008180379867554,0.5851290225982666,-0.030027875676751137,0.598463773727417,0.6033520102500916,-0.03196953609585762,0.6243242025375366,0.5516945123672485,-0.02243318036198616,0.621081531047821,0.5770813822746277,-0.02961549162864685,0.6191681623458862,0.597968339920044,-0.03129499778151512,0.6180356740951538,0.6162911653518677,-0.03336293250322342,0.635697066783905,0.5590448379516602,-0.023189974948763847,0.6360298991203308,0.5814878344535828,-0.03078015334904194,0.6345499157905579,0.6000286936759949,-0.03389021009206772,0.6332508325576782,0.6165018081665039,-0.03645268827676773,0.6446670293807983,0.5627564787864685,-0.023656094446778297,0.6541152596473694,0.5758312940597534,-0.030597073957324028,0.6611524224281311,0.5849822759628296,-0.033708278089761734,0.6669689416885376,0.5963812470436096,-0.03603392839431763,1.4856144000000029
0.6320303082466125,0.5202867388725281,0.0,0.6130247116088867,0.5300877094268799,-0.003583223093301058,0.5994880199432373,0.5563713908195496,-0.008542042225599289,0.5901603102684021,0.5816923379898071,-0.012412040494382381,0.5796141028404236,0.5961553454399109,-0.017039397731423378,0.6109787225723267,0.5398767590522766,-0.02100473642349243,0.604108989238739,0.5644593834877014,-0.027989588677883148,0.6009069085121155,0.5843135118484497,-0.030485395342111588,0.5984605550765991,0.6029357314109802,-0.03249140828847885,0.6243100166320801,0.5500798225402832,-0.02283543348312378,0.6209628582000732,0.575589656829834,-0.030184634029865265,0.6187461614608765,0.5971002578735352,-0.03199249505996704,0.6173810362815857,0.6162065267562866,-0.03418745473027229,0.6357428431510925,0.5574881434440613,-0.023590577766299248,0.6359840035438538,0.5798414945602417,-0.03139227256178856,0.6343230605125427,0.5993914008140564,-0.03463713824748993,0.6328701376914978,0.6167735457420349,-0.03728596493601799,0.6447222232818604,0.5616101622581482,-0.024010630324482918,0.6538568735122681,0.5749566555023193,-0.031134407967329025,0.6608227491378784,0.5844772458076477,-0.03436460345983505,0.6666945815086365,0.5961512923240662,-0.03679169341921806,1.5388189999999895
0.6309820413589478,0.5203784108161926,0.0,0.6122434139251709,0.5303974151611328,-0.0029621997382491827,0.5990979671478271,0.5567421317100525,-0.007495817728340626,0.5901087522506714,0.5815721154212952,-0.011071739718317986,0.5794851183891296,0.5953682065010071,-0.015391357243061066,0.6103322505950928,0.5417396426200867,-0.019128775224089622,0.6038774251937866,0.5658478736877441,-0.025753457099199295,0.6006467342376709,0.5848782658576965,-0.02826390042901039,0.5979478359222412,0.6028931140899658,-0.03032246045768261,0.6233624219894409,0.5514640212059021,-0.021144235506653786,0.6206514239311218,0.5764970183372498,-0.0279778353869915,0.6182268261909485,0.5972367525100708,-0.029892966151237488,0.616679310798645,0.615878701210022,-0.03223642334342003,0.634800136089325,0.5583215355873108,-0.022166259586811066,0.6354799866676331,0.5796576738357544,-0.02965165488421917,0.6337433457374573,0.5987687110900879,-0.03303443640470505,0.6323106288909912,0.6159805655479431,-0.03578345105051994,0.6440116763114929,0.5618795156478882,-0.022815024480223656,0.6530714631080627,0.5745537877082825,-0.029672499746084213,0.6597917079925537,0.5837778449058533,-0.03293482959270477,0.6656813621520996,0.59504234790802,-0.03541187569499016,1.5930470000000128
0.631554901599884,0.5218462944030762,0.0,0.6126546263694763,0.531185507774353,-0.003272461239248514,0.5993117690086365,0.5574888586997986,-0.007922695949673653,0.5901892185211182,0.5825790762901306,-0.011601248756051064,0.5797209739685059,0.5967497825622559,-0.01610598899424076,0.610546886920929,0.5422560572624207,-0.01969931460916996,0.6038371920585632,0.5657971501350403,-0.02645188197493553,0.6005800366401672,0.585117518901825,-0.02895154245197773,0.5979952812194824,0.6036102771759033,-0.030992569401860237,0.6237072944641113,0.552178144454956,-0.021700995042920113,0.6206890344619751,0.5768856406211853,-0.02878943644464016,0.6184816956520081,0.5974673628807068,-0.030701877549290657,0.6170699000358582,0.615885317325592,-0.03297978267073631,0.6350980997085571,0.5589579939842224,-0.022728411480784416,0.635520875453949,0.5805718898773193,-0.0304325670003891,0.633713960647583,0.5994210243225098,-0.03390783444046974,0.6320675015449524,0.6164642572402954,-0.03671756014227867,0.6441332697868347,0.5624052882194519,-0.023411152884364128,0.6535133123397827,0.5750430226325989,-0.030492007732391357,0.6603045463562012,0.5839906930923462,-0.0338597446680069,0.6659878492355347,0.5952104926109314,-0.036410968750715256,1.6518997999999954
0.630948543548584,0.5218878984451294,0.0,0.6121355891227722,0.5311267971992493,-0.0030247594695538282,0.598964512348175,0.5570226907730103,-0.007644201163202524,0.5900813937187195,0.5817249417304993,-0.011298023164272308,0.5793120265007019,0.5950483083724976,-0.015730274841189384,0.6101953983306885,0.5430362820625305,-0.019501395523548126,0.6038100123405457,0.566818356513977,-0.02632850594818592,0.6006892919540405,0.5857211947441101,-0.028923973441123962,0.5982843637466431,0.6035698652267456,-0.03102048859000206,0.6232671737670898,0.5528944730758667,-0.02154087834060192,0.6205270290374756,0.5772877335548401,-0.02869521826505661,0.6183497309684753,0.5972550511360168,-0.030664606019854546,0.617182731628418,0.6150434613227844,-0.03295724466443062,0.6347267627716064,0.5597032308578491,-0.02258741855621338,0.6354338526725769,0.5807665586471558,-0.03041110374033451,0.6336035132408142,0.5993308424949646,-0.03381776437163353,0.632135808467865,0.6162163019180298,-0.03650790452957153,0.6439359188079834,0.5632933974266052,-0.023246614262461662,0.6532153487205505,0.5760949850082397,-0.030371366068720818,0.6600472331047058,0.5855423212051392,-0.03366957604885101,0.6661006212234497,0.5971938371658325,-0.03611944988369942,1.7087717999999938
0.6312471032142639,0.5214917063713074,0.0,0.6125804781913757,0.5308375954627991,-0.0036247449461370707,0.5992567539215088,0.5569556951522827,-0.008604197762906551,0.5900945663452148,0.5821975469589233,-0.012447451241314411,0.5796332955360413,0.5964940190315247,-0.01707916334271431,0.6108605861663818,0.5407007336616516,-0.02132548578083515,0.6040046811103821,0.5657286047935486,-0.028417278081178665,0.6006559133529663,0.5853031873703003,-0.030938899144530296,0.5980547666549683,0.6037905812263489,-0.03296293318271637,0.6241202354431152,0.5506702065467834,-0.023143146187067032,0.6207117438316345,0.5762954950332642,-0.03057360090315342,0.6185063123703003,0.5971057415008545,-0.03233575075864792,0.6171976327896118,0.6157015562057495,-0.034481097012758255,0.6355628967285156,0.5578045845031738,-0.02387833781540394,0.6355341076850891,0.5800313949584961,-0.03189466521143913,0.6337867379188538,0.5992753505706787,-0.03515250235795975,0.6322208642959595,0.6166497468948364,-0.037758372724056244,0.6445881724357605,0.5618500709533691,-0.02424122951924801,0.6535899639129639,0.5749477744102478,-0.03152097016572952,0.6604793071746826,0.5844051241874695,-0.03477775305509567,0.6662512421607971,0.5960779786109924,-0.037200987339019775,1.7663022000000126
0.6307434439659119,0.5209898352622986,0.0,0.6120858788490295,0.5309059619903564,-0.0036566429771482944,0.5988746881484985,0.5567107200622559,-0.008607315830886364,0.5898812413215637,0.5817072987556458,-0.012402146123349667,0.5793830156326294,0.5958161354064941,-0.016905006021261215,0.6104056239128113,0.5407952070236206,-0.021065883338451385,0.6035282611846924,0.5656672716140747,-0.02809049002826214,0.6002535820007324,0.5849445462226868,-0.030554896220564842,0.5976508259773254,0.6029626727104187,-0.032518915832042694,0.6237043142318726,0.5510279536247253,-0.022774506360292435,0.6206534504890442,0.5765804052352905,-0.030087541788816452,0.6184013485908508,0.5974239706993103,-0.03181052207946777,0.6169403195381165,0.6157613396644592,-0.0339270755648613,0.6351808905601501,0.5583239197731018,-0.023433469235897064,0.6354904174804688,0.5805322527885437,-0.03133731707930565,0.6336463689804077,0.5998701453208923,-0.03460557758808136,0.6319851875305176,0.617104709148407,-0.03720330074429512,0.6441834568977356,0.5625333189964294,-0.023726990446448326,0.6533838510513306,0.5755439400672913,-0.03085353597998619,0.6600891351699829,0.5846699476242065,-0.03409500792622566,0.6656361222267151,0.5958952903747559,-0.03651886060833931,1.8192833999999891
0.6313126087188721,0.5206816792488098,0.0,0.6124035120010376,0.530465841293335,-0.00371476705186069,0.5988040566444397,0.5570743083953857,-0.008723162114620209,0.5895646810531616,0.5825007557868958,-0.012652733363211155,0.5793729424476624,0.597489595413208,-0.017369344830513,0.6099828481674194,0.5411429405212402,-0.02128513716161251,0.6031352877616882,0.5657743811607361,-0.028535984456539154,0.600058913230896,0.5851110219955444,-0.031192656606435776,0.5977963209152222,0.6030203700065613,-0.03324661776423454,0.6233338713645935,0.5510715246200562,-0.02308870106935501,0.6202139854431152,0.5765033960342407,-0.03066929802298546,0.6183803677558899,0.5974881649017334,-0.03250080719590187,0.6173672676086426,0.6158332228660583,-0.03465373441576958,0.6347639560699463,0.5581133961677551,-0.023862900212407112,0.6349812150001526,0.5809930562973022,-0.031939540058374405,0.6335290670394897,0.6003565788269043,-0.03520306944847107,0.6323468685150146,0.6173028945922852,-0.03780201077461243,0.6437963843345642,0.5618149638175964,-0.024297872558236122,0.6527708768844604,0.5754684209823608,-0.03161603584885597,0.6597064137458801,0.5848497152328491,-0.03486540541052818,0.6656054258346558,0.5960783362388611,-0.03727015107870102,1.8760148000000072
0.630157470703125,0.5204335451126099,0.0,0.6116011142730713,0.5313643217086792,-0.002645785454660654,0.5984894037246704,0.5578644871711731,-0.007063774392008781,0.5893606543540955,0.5824835300445557,-0.01061494741588831,0.5788607597351074,0.59641432762146,-0.01494134496897459,0.6093615889549255,0.5428168773651123,-0.018515057861804962,0.6030276417732239,0.5669069886207581,-0.025140900164842606,0.6000508666038513,0.5857797265052795,-0.02764611877501011,0.597705066204071,0.6036993861198425,-0.029678212478756905,0.6222701072692871,0.5512447953224182,-0.020736657083034515,0.6196287870407104,0.5768605470657349,-0.0278018806129694,0.6178993582725525,0.5979375243186951,-0.02982574701309204,0.6170163750648499,0.6170151233673096,-0.032139260321855545,0.6337487697601318,0.5572342872619629,-0.021980710327625275,0.6346255540847778,0.5792841911315918,-0.029807496815919876,0.6331494450569153,0.5987359881401062,-0.03313858062028885,0.631837785243988,0.6165722012519836,-0.03572295978665352,0.6431192755699158,0.560478150844574,-0.02281052991747856,0.652402937412262,0.5742281675338745,-0.029894299805164337,0.6590080261230469,0.5838717222213745,-0.03304526209831238,0.6646888852119446,0.5954879522323608,-0.03535810485482216,1.932718499999993
0.6300854086875916,0.5224133729934692,0.0,0.6115240454673767,0.532463788986206,-0.0032703708857297897,0.5985612869262695,0.5583551526069641,-0.008111739531159401,0.589381754398346,0.5831224918365479,-0.011827309615910053,0.5789008140563965,0.5969648957252502,-0.016329951584339142,0.6100993156433105,0.5412166118621826,-0.020923541858792305,0.6031373143196106,0.5650267004966736,-0.02800380252301693,0.5997045040130615,0.5843787789344788,-0.030557647347450256,0.5970864295959473,0.6023806929588318,-0.03258321061730385,0.6231314539909363,0.5506043434143066,-0.022774364799261093,0.619952917098999,0.5756896734237671,-0.030302071943879128,0.6176641583442688,0.5968055129051208,-0.032270967960357666,0.6164282560348511,0.6153226494789124,-0.03451985865831375,0.634479284286499,0.5573616623878479,-0.0235087051987648,0.6348906755447388,0.5789876580238342,-0.03172662854194641,0.6328197717666626,0.5984434485435486,-0.03512009233236313,0.6310986876487732,0.615868091583252,-0.037698354572057724,0.6434438228607178,0.5613946914672852,-0.023802876472473145,0.6528595685958862,0.5746941566467285,-0.031179198995232582,0.6594981551170349,0.5842746496200562,-0.034496597945690155,0.6651128530502319,0.5958642363548279,-0.03690304234623909,1.9841371999999922
0.6301336884498596,0.5217009782791138,0.0,0.6114000082015991,0.5321462154388428,-0.0029586509335786104,0.5981104373931885,0.5580480694770813,-0.0076001728884875774,0.5890688896179199,0.5824463367462158,-0.011355651542544365,0.5787966847419739,0.5970802307128906,-0.015886109322309494,0.6092692017555237,0.5430624485015869,-0.019430700689554214,0.6023213863372803,0.5669741034507751,-0.02631019987165928,0.5991105437278748,0.5852013826370239,-0.02889946848154068,0.5966460108757019,0.60221266746521,-0.030972560867667198,0.6223428845405579,0.5521804690361023,-0.021583957597613335,0.6193388104438782,0.576854407787323,-0.02881421521306038,0.6172517538070679,0.5974336862564087,-0.030843526124954224,0.6160730719566345,0.6158135533332825,-0.033190712332725525,0.6339477300643921,0.5585991740226746,-0.022736959159374237,0.6343132257461548,0.5799981355667114,-0.030665487051010132,0.6329200863838196,0.5993444323539734,-0.034130655229091644,0.6317172646522522,0.6169915199279785,-0.03685452789068222,0.6433405876159668,0.5619847178459167,-0.023481527343392372,0.6523521542549133,0.5745859146118164,-0.03064740262925625,0.6589904427528381,0.5837183594703674,-0.03392300382256508,0.6647175550460815,0.5950478315353394,-0.03636753186583519,2.037669099999988
0.6297875642776489,0.5212287902832031,0.0,0.6111615896224976,0.531430721282959,-0.0027546798810362816,0.5980167388916016,0.5575248599052429,-0.007204981986433268,0.5889893770217896,0.5821736454963684,-0.010798702947795391,0.5786018371582031,0.5961424708366394,-0.015124545432627201,0.6095829606056213,0.5429237484931946,-0.01848657615482807,0.6025303602218628,0.566010057926178,-0.024947311729192734,0.5992344617843628,0.5841525793075562,-0.027278481051325798,0.596695601940155,0.601216197013855,-0.029207363724708557,0.622398853302002,0.5524405241012573,-0.020624123513698578,0.6194096803665161,0.5765767693519592,-0.027283750474452972,0.6170150637626648,0.5964414477348328,-0.029105214402079582,0.6155965328216553,0.6141601204872131,-0.031362682580947876,0.6337559223175049,0.5591259002685547,-0.02180223912000656,0.634319543838501,0.5800999402999878,-0.029118012636899948,0.632469892501831,0.5990632772445679,-0.0325070358812809,0.6308844685554504,0.6163281798362732,-0.03530046343803406,0.6428570747375488,0.5626689791679382,-0.022597189992666245,0.6522062420845032,0.5750511884689331,-0.029305029660463333,0.6588619947433472,0.5843442678451538,-0.032549723982810974,0.6645978093147278,0.5959783792495728,-0.035059381276369095,2.091764699999999
0.6302321553230286,0.5209618210792542,0.0,0.6116663813591003,0.5308655500411987,-0.003915993496775627,0.5982788801193237,0.5567547678947449,-0.009205286391079426,0.5889698266983032,0.5816441178321838,-0.013347666710615158,0.5783174633979797,0.5959064960479736,-0.018296265974640846,0.6095234155654907,0.539938747882843,-0.022222695872187614,0.6024293303489685,0.5644920468330383,-0.029744774103164673,0.5991443991661072,0.5838047862052917,-0.03250189125537872,0.5967966914176941,0.6014880537986755,-0.0346490815281868,0.6227273941040039,0.5500399470329285,-0.024065351113677025,0.6192973852157593,0.5754472613334656,-0.031910039484500885,0.6171796917915344,0.5968477725982666,-0.0338776633143425,0.6159871220588684,0.6155722141265869,-0.03619607165455818,0.634185254573822,0.5572032928466797,-0.0248283501714468,0.6341209411621094,0.5796284675598145,-0.033099859952926636,0.6324766278266907,0.5994378328323364,-0.03649543598294258,0.6310826539993286,0.6169019937515259,-0.03924661502242088,0.6432600021362305,0.5612050294876099,-0.02524075284600258,0.6523081064224243,0.5743672251701355,-0.03269710764288902,0.6590847969055176,0.5836518406867981,-0.03606564179062843,0.6647223234176636,0.5948627591133118,-0.038619764149188995,2.1425528999999983
0.6295415163040161,0.5211077332496643,0.0,0.6108357310295105,0.5313398838043213,-0.0027771233581006527,0.5978242754936218,0.5574187636375427,-0.0074818916618824005,0.5887057781219482,0.5820878148078918,-0.0111926831305027,0.5782129764556885,0.5963796973228455,-0.015692088752985,0.6091892123222351,0.5416597127914429,-0.020290803164243698,0.6022698283195496,0.5653935670852661,-0.027379760518670082,0.5989744663238525,0.5844257473945618,-0.03006935492157936,0.5965491533279419,0.6021760106086731,-0.032207608222961426,0.6221702694892883,0.5513277649879456,-0.02241985686123371,0.6191802024841309,0.5759952068328857,-0.0298758652061224,0.6171062588691711,0.5969974398612976,-0.03194449469447136,0.6160373687744141,0.6156616806983948,-0.03433100879192352,0.6335030198097229,0.5580034255981445,-0.02345031499862671,0.6341959834098816,0.5791767239570618,-0.03159799799323082,0.6323617100715637,0.5986481308937073,-0.03517267480492592,0.6308954358100891,0.6162360310554504,-0.03792779520153999,0.6425895094871521,0.5615590810775757,-0.02400323934853077,0.6519877910614014,0.5746233463287354,-0.03133681043982506,0.6586860418319702,0.5841352343559265,-0.03477263078093529,0.6644762754440308,0.5955761075019836,-0.03732296824455261,2.1987767999999903
0.6295023560523987,0.5212519764900208,0.0,0.6109260320663452,0.5314288139343262,-0.002946784719824791,0.5976605415344238,0.5572835803031921,-0.007704169023782015,0.588459849357605,0.5818921327590942,-0.011501575820147991,0.5781323313713074,0.5965257287025452,-0.0160125270485878,0.6090191602706909,0.5412807464599609,-0.019864384084939957,0.6019367575645447,0.5651547908782959,-0.02661951817572117,0.5987311601638794,0.583807647228241,-0.02897627465426922,0.5963911414146423,0.6009885668754578,-0.03087342344224453,0.6220410466194153,0.5507476925849915,-0.02191944047808647,0.6189359426498413,0.5758967995643616,-0.029040364548563957,0.61688631772995,0.5966746807098389,-0.030813446268439293,0.6158241033554077,0.6147753000259399,-0.03296469524502754,0.633500337600708,0.5575976967811584,-0.022897474467754364,0.6339200139045715,0.5796801447868347,-0.030622640624642372,0.6322609186172485,0.5989609956741333,-0.03382989764213562,0.6308655142784119,0.6160341501235962,-0.036394644528627396,0.6426166892051697,0.5616152286529541,-0.023455677554011345,0.6520023345947266,0.5744750499725342,-0.03035389818251133,0.6586775183677673,0.5836644172668457,-0.03344455361366272,0.664296567440033,0.5947479009628296,-0.03578823804855347,2.2536422000000016
0.6297961473464966,0.5197829008102417,0.0,0.6110408902168274,0.5303533673286438,-0.0026376068126410246,0.5977156758308411,0.5570514798164368,-0.006952038034796715,0.5885855555534363,0.5818576216697693,-0.0103929303586483,0.5785399675369263,0.5965884923934937,-0.014567265287041664,0.6092117428779602,0.5422942042350769,-0.01842953823506832,0.6020842790603638,0.5662378072738647,-0.02476426027715206,0.5989160537719727,0.5845317840576172,-0.026993107050657272,0.5966210961341858,0.6013251543045044,-0.02882925420999527,0.6220729351043701,0.5512807965278625,-0.020527493208646774,0.619162380695343,0.576336145401001,-0.027106931433081627,0.617042064666748,0.5969433784484863,-0.028899475932121277,0.6159223318099976,0.6149922609329224,-0.03112577274441719,0.633465588092804,0.5574619770050049,-0.021624326705932617,0.6339959502220154,0.5791820883750916,-0.028921404853463173,0.6322389245033264,0.5987227559089661,-0.032257191836833954,0.6308931708335876,0.6161799430847168,-0.034987691789865494,0.6426857113838196,0.5606632232666016,-0.02231445722281933,0.6516803503036499,0.5736768841743469,-0.02901531383395195,0.6583093404769897,0.5832816362380981,-0.03221554681658745,0.6641975045204163,0.5947321057319641,-0.03466789424419403,2.3098050000000114
0.630142092704773,0.5216006636619568,0.0,0.6113029718399048,0.5314373970031738,-0.003523333929479122,0.5981065630912781,0.5578147172927856,-0.008286395110189915,0.5887729525566101,0.5827389359474182,-0.011943476274609566,0.5780994296073914,0.596631646156311,-0.016440024599432945,0.6090010404586792,0.5429709553718567,-0.020619096234440804,0.6021537184715271,0.5657148957252502,-0.02774473838508129,0.598694920539856,0.5848526954650879,-0.030566057190299034,0.5960821509361267,0.6029468178749084,-0.03280742093920708,0.6221274137496948,0.5531136989593506,-0.022423693910241127,0.6193057298660278,0.5767914056777954,-0.029740188270807266,0.6172284483909607,0.5973426103591919,-0.031796183437108994,0.6160836219787598,0.6154173016548157,-0.034232016652822495,0.6334907412528992,0.5596405863761902,-0.023238375782966614,0.6340838670730591,0.5804693102836609,-0.031196845695376396,0.6321657299995422,0.5991195440292358,-0.034884244203567505,0.6306712031364441,0.6159124374389648,-0.03783055767416954,0.6425937414169312,0.5624938011169434,-0.02369583398103714,0.651925802230835,0.5749431252479553,-0.031117595732212067,0.6585925221443176,0.583741307258606,-0.0347466878592968,0.6643228530883789,0.5947912931442261,-0.03745756298303604,2.3658657999999946
0.62972491979599,0.5225967168807983,0.0,0.610986590385437,0.5324990153312683,-0.002669684123247862,0.5977227687835693,0.5584830045700073,-0.00726746441796422,0.5884590744972229,0.5830562710762024,-0.010929693467915058,0.5779724717140198,0.5975778102874756,-0.015323626808822155,0.608858585357666,0.5432286858558655,-0.01929059810936451,0.601932168006897,0.5663483142852783,-0.025905299931764603,0.5985453128814697,0.5851531028747559,-0.028255056589841843,0.5957512855529785,0.6031500101089478,-0.03017943538725376,0.6219179630279541,0.552541196346283,-0.021394791081547737,0.619036078453064,0.5768260359764099,-0.028366588056087494,0.6170098185539246,0.5972749590873718,-0.030059294775128365,0.6159119606018066,0.615822434425354,-0.03215355426073074,0.6334613561630249,0.5590510964393616,-0.0224466435611248,0.6340359449386597,0.5798495411872864,-0.030090078711509705,0.6321811676025391,0.5987697243690491,-0.033244356513023376,0.6306422352790833,0.6161280274391174,-0.03573191910982132,0.6426776051521301,0.5626263618469238,-0.023067418485879898,0.6519954800605774,0.5751616954803467,-0.02993246726691723,0.6584680080413818,0.5845293998718262,-0.03306444734334946,0.6640292406082153,0.5960785150527954,-0.03541259467601776,2.4226773000000037
0.6290755867958069,0.5221911668777466,0.0,0.6105542778968811,0.5319094657897949,-0.003138098167255521,0.5973068475723267,0.5584055781364441,-0.007773475721478462,0.5883034467697144,0.5834958553314209,-0.011419669725000858,0.5778217911720276,0.5971916913986206,-0.015836626291275024,0.6088215708732605,0.5432079434394836,-0.019639121368527412,0.6020798683166504,0.5668074488639832,-0.02639801800251007,0.5988720655441284,0.5853822231292725,-0.028823062777519226,0.5964116454124451,0.6029238104820251,-0.030793743208050728,0.621792197227478,0.5527106523513794,-0.021596182137727737,0.6190271973609924,0.5776453614234924,-0.02870136685669422,0.617023766040802,0.5980294346809387,-0.030625708401203156,0.6159268021583557,0.6161566376686096,-0.03290369361639023,0.6331189274787903,0.5592929720878601,-0.022548159584403038,0.6337753534317017,0.5809045433998108,-0.030408918857574463,0.6319210529327393,0.5999568700790405,-0.033928535878658295,0.6303158402442932,0.6174808144569397,-0.03668906167149544,0.642177402973175,0.5628253817558289,-0.0230876374989748,0.6514909267425537,0.5759597420692444,-0.030189499258995056,0.6582455635070801,0.5854316353797913,-0.033537935465574265,0.6640805602073669,0.5971723794937134,-0.03604774549603462,2.4792401999999925
0.6292790770530701,0.5217128396034241,0.0,0.6106261610984802,0.5323721766471863,-0.0033504918683320284,0.5974594354629517,0.5587743520736694,-0.007987231016159058,0.5883529186248779,0.5835749506950378,-0.011635622009634972,0.577886700630188,0.5981832146644592,-0.01611325703561306,0.6086970567703247,0.5438169240951538,-0.01984504424035549,0.6013815402984619,0.5669477581977844,-0.026695797219872475,0.5979681015014648,0.585210382938385,-0.029231799766421318,0.5953583121299744,0.6022818088531494,-0.03127381205558777,0.6217451691627502,0.5533705949783325,-0.021789856255054474,0.6188389658927917,0.5779807567596436,-0.02892966940999031,0.6166685223579407,0.5982621312141418,-0.030959855765104294,0.6153839826583862,0.6161282062530518,-0.03333759307861328,0.6331736445426941,0.5596297979354858,-0.022769605740904808,0.6337442994117737,0.5815005898475647,-0.03061019442975521,0.631889283657074,0.6002725958824158,-0.03427055850625038,0.6302506923675537,0.6173175573348999,-0.037187863141298294,0.6422969102859497,0.5626300573348999,-0.023378893733024597,0.6518134474754333,0.5759091377258301,-0.030641278252005577,0.6586271524429321,0.5852518081665039,-0.03417648375034332,0.6643651723861694,0.5967220067977905,-0.03684022277593613,2.5351679999999988
0.6288836598396301,0.5207342505455017,0.0,0.6101633310317993,0.531501293182373,-0.00328268320299685,0.5971073508262634,0.5576386451721191,-0.008183012716472149,0.5882012248039246,0.5822256803512573,-0.01213396992534399,0.5777724981307983,0.5965425968170166,-0.01687636412680149,0.6079638600349426,0.5429317951202393,-0.020554237067699432,0.6009703874588013,0.5668089389801025,-0.027876321226358414,0.5978500247001648,0.5855404734611511,-0.03070320188999176,0.5955044627189636,0.6028838753700256,-0.03290480375289917,0.6211334466934204,0.5527012348175049,-0.022679949179291725,0.6182401180267334,0.5773781538009644,-0.030320925638079643,0.6163256764411926,0.5981439352035522,-0.03243689984083176,0.6152572631835938,0.6162939071655273,-0.034846190363168716,0.6327946186065674,0.5593883991241455,-0.02380373701453209,0.6332091689109802,0.5813413858413696,-0.031969159841537476,0.6316812038421631,0.6003004908561707,-0.035515110939741135,0.630408525466919,0.6170868873596191,-0.03833455592393875,0.64225172996521,0.5629040598869324,-0.024552932009100914,0.6517198085784912,0.5760270953178406,-0.031897932291030884,0.6584462523460388,0.5851173400878906,-0.035313140600919724,0.6640805006027222,0.5960415601730347,-0.037899550050497055,2.5930619000000092
0.629388153553009,0.5197262167930603,0.0,0.6103997230529785,0.5308519005775452,-0.003392978571355343,0.5971567034721375,0.557832658290863,-0.00812583975493908,0.5880436301231384,0.5829823017120361,-0.011800015345215797,0.5777279138565063,0.5982202887535095,-0.016249509528279305,0.6082130670547485,0.5432918071746826,-0.020298225805163383,0.6008697152137756,0.5670268535614014,-0.02723248116672039,0.597646951675415,0.5859300494194031,-0.0298213679343462,0.5952559113502502,0.6034722328186035,-0.03186269477009773,0.6214481592178345,0.553193986415863,-0.02207285352051258,0.618466854095459,0.5774553418159485,-0.029255662113428116,0.6165810227394104,0.5980830192565918,-0.03110891580581665,0.6155010461807251,0.6160651445388794,-0.0333402156829834,0.6329149007797241,0.5598164200782776,-0.022858336567878723,0.633316159248352,0.5811338424682617,-0.03062261827290058,0.6317712068557739,0.6001746654510498,-0.03412500023841858,0.6305090188980103,0.6171060800552368,-0.036927759647369385,0.6420816779136658,0.5628799200057983,-0.02328617498278618,0.6512495279312134,0.5753242373466492,-0.030443372204899788,0.6579862833023071,0.58437579870224,-0.03388604149222374,0.6636226177215576,0.5956447124481201,-0.03646703064441681,2.649944000000005
0.6296093463897705,0.5218049883842468,0.0,0.6107920408248901,0.5312788486480713,-0.003890924621373415,0.5972658395767212,0.5573091506958008,-0.008893179707229137,0.5880775451660156,0.5823658108711243,-0.012705917470157146,0.5772807598114014,0.5966216325759888,-0.017311131581664085,0.60830157995224,0.5420148968696594,-0.02123991772532463,0.6013385057449341,0.565875232219696,-0.02832665480673313,0.5980432629585266,0.5851826071739197,-0.030994219705462456,0.5956633687019348,0.6031695008277893,-0.03310670331120491,0.6216158866882324,0.55268394947052,-0.02289053425192833,0.6184913516044617,0.5770484805107117,-0.030183320865035057,0.6165496706962585,0.597577691078186,-0.03212088719010353,0.6156668663024902,0.6155428886413574,-0.03444482758641243,0.6330476999282837,0.5600294470787048,-0.023519590497016907,0.6331544518470764,0.5819717049598694,-0.031412772834300995,0.6314564347267151,0.6008923649787903,-0.03492968529462814,0.6301673054695129,0.61766117811203,-0.03779046982526779,0.6420310735702515,0.5639651417732239,-0.023809168487787247,0.6510741114616394,0.5765662789344788,-0.03105250559747219,0.6579290628433228,0.5850462317466736,-0.034432169049978256,0.6637621521949768,0.5957702994346619,-0.036998994648456573,2.7065689000000077
0.628494143486023,0.5215651392936707,0.0,0.6098926663398743,0.5316103100776672,-0.0032652185764163733,0.5966506600379944,0.5579631924629211,-0.008208421990275383,0.58729487657547,0.5824255347251892,-0.012037120759487152,0.5768095850944519,0.5968537330627441,-0.016653209924697876,0.6076295375823975,0.5420159101486206,-0.021002700552344322,0.6005204916000366,0.5659634470939636,-0.028229886665940285,0.5971755385398865,0.5853775143623352,-0.03104287013411522,0.594637393951416,0.6032217741012573,-0.03325941413640976,0.620589017868042,0.5518133640289307,-0.022923629730939865,0.6177336573600769,0.576435387134552,-0.030539102852344513,0.6156817078590393,0.597236156463623,-0.03266868367791176,0.6146054267883301,0.6153796911239624,-0.03510028123855591,0.6319288611412048,0.5587091445922852,-0.02375280298292637,0.6327098608016968,0.5800498127937317,-0.031889062374830246,0.6309041976928711,0.5997353196144104,-0.03552678972482681,0.6294732689857483,0.6174299120903015,-0.0383923165500164,0.6409949660301208,0.5624737739562988,-0.02414519712328911,0.6504189968109131,0.5749030709266663,-0.03138038516044617,0.6569989323616028,0.5834579467773438,-0.03480066731572151,0.6626206040382385,0.5940828323364258,-0.03739337995648384,2.75305800000001
0.6284728050231934,0.5214442610740662,0.0,0.6096541285514832,0.5316740274429321,-0.003035390516743064,0.5964401960372925,0.5578911900520325,-0.007759495172649622,0.5871106386184692,0.5825880169868469,-0.011403723619878292,0.5764144659042358,0.5961611270904541,-0.015831220895051956,0.6075725555419922,0.5426073670387268,-0.02053293026983738,0.6005439162254333,0.5656867027282715,-0.02768738754093647,0.5972719788551331,0.584598183631897,-0.030433403328061104,0.5949805974960327,0.601885199546814,-0.03257114812731743,0.6205213069915771,0.5530031323432922,-0.022432982921600342,0.6177211999893188,0.5764864087104797,-0.029671158641576767,0.615563154220581,0.5969164371490479,-0.03162378445267677,0.6145231127738953,0.6145495772361755,-0.033995822072029114,0.6317008137702942,0.5597984194755554,-0.023276785388588905,0.6323714256286621,0.5800089836120605,-0.031192447990179062,0.6302385926246643,0.5988723039627075,-0.0347861647605896,0.6286594867706299,0.6157739758491516,-0.0376366525888443,0.6405726075172424,0.5630579590797424,-0.02367316745221615,0.6500649452209473,0.5749104022979736,-0.030812527984380722,0.6567721962928772,0.5838250517845154,-0.034267302602529526,0.6626248359680176,0.5948640704154968,-0.03688749298453331,2.8088782000000094
0.6277734637260437,0.521960973739624,0.0,0.6093468070030212,0.5318734645843506,-0.0031174817122519016,0.5963164567947388,0.5583160519599915,-0.00791508425027132,0.5869566202163696,0.5828532576560974,-0.01164641696959734,0.5763283371925354,0.5968838930130005,-0.016136985272169113,0.6071315407752991,0.5422307848930359,-0.020236559212207794,0.6002746820449829,0.5653306841850281,-0.027299068868160248,0.5969432592391968,0.5841982960700989,-0.02994736284017563,0.5944157242774963,0.6017794609069824,-0.0320136658847332,0.6200557351112366,0.5523467659950256,-0.02213769219815731,0.6171600222587585,0.5765236020088196,-0.029253894463181496,0.615209698677063,0.5967064499855042,-0.031050588935613632,0.6142222881317139,0.6142362952232361,-0.033262576907873154,0.6313537359237671,0.5590915083885193,-0.02301095426082611,0.631858229637146,0.5805370807647705,-0.030863674357533455,0.6300908923149109,0.5993914008140564,-0.03423302248120308,0.6286891102790833,0.6163527965545654,-0.036882009357213974,0.6403011083602905,0.5624887943267822,-0.02344939485192299,0.6500653028488159,0.5749670267105103,-0.030477510765194893,0.656939685344696,0.5834153890609741,-0.03369343653321266,0.6626900434494019,0.5939456224441528,-0.03610745072364807,2.8656066000000067
0.6273418068885803,0.5212829113006592,0.0,0.6090250015258789,0.5317506790161133,-0.0033853864297270775,0.5959020853042603,0.5577656030654907,-0.008347046561539173,0.5865970849990845,0.5822269320487976,-0.012147909961640835,0.5761027932167053,0.5966327786445618,-0.01664884202182293,0.6068949103355408,0.542198657989502,-0.021245794370770454,0.5995982885360718,0.5651519894599915,-0.028698457404971123,0.5964584946632385,0.5839777588844299,-0.03143720701336861,0.5943912863731384,0.600620687007904,-0.033469848334789276,0.6197326183319092,0.5526280403137207,-0.022971726953983307,0.6168994903564453,0.5769151449203491,-0.030502768233418465,0.6150495409965515,0.5970435738563538,-0.032254479825496674,0.614281177520752,0.6137900352478027,-0.0343487374484539,0.6309701204299927,0.5595046877861023,-0.023655204102396965,0.6318524479866028,0.5810821652412415,-0.031780268996953964,0.6298844218254089,0.5995471477508545,-0.0350101999938488,0.6284198760986328,0.6157257556915283,-0.037477023899555206,0.6399117112159729,0.5629003047943115,-0.02391526848077774,0.6499965786933899,0.5756683945655823,-0.031112710013985634,0.6567594408988953,0.5844275951385498,-0.03432850539684296,0.662412166595459,0.5950007438659668,-0.03667407110333443,2.931461000000013
0.6271719932556152,0.5203976035118103,0.0,0.6085879802703857,0.5315463542938232,-0.002805080497637391,0.5955346822738647,0.5577348470687866,-0.0075499084778130054,0.5864885449409485,0.5822210907936096,-0.011351569555699825,0.5762008428573608,0.5967479348182678,-0.01590942218899727,0.6063852310180664,0.5420271158218384,-0.02011803351342678,0.5994535088539124,0.5659303665161133,-0.027208229526877403,0.5965073108673096,0.5846442580223083,-0.029881974682211876,0.5943756103515625,0.6016702055931091,-0.031975794583559036,0.6195443272590637,0.551882266998291,-0.02228558249771595,0.6167232394218445,0.576712965965271,-0.029468784108757973,0.6148975491523743,0.5970993638038635,-0.031420331448316574,0.6139742136001587,0.6144520044326782,-0.033791348338127136,0.6310896277427673,0.5585750341415405,-0.02339991182088852,0.6316840052604675,0.5805150270462036,-0.0312509685754776,0.6298957467079163,0.5996888875961304,-0.03490665555000305,0.6284787058830261,0.6165783405303955,-0.037833791226148605,0.6403222680091858,0.56199711561203,-0.02404979057610035,0.6499710083007812,0.5744471549987793,-0.031085500493645668,0.6567918658256531,0.5833442807197571,-0.034535519778728485,0.6625217199325562,0.5941668748855591,-0.03721648454666138,2.987986400000011
0.6276487112045288,0.5206977725028992,0.0,0.6089143753051758,0.530698299407959,-0.0033414282370358706,0.5956226587295532,0.557405948638916,-0.008225292898714542,0.586485743522644,0.5828613638877869,-0.012064005248248577,0.5759578347206116,0.5969821810722351,-0.016716081649065018,0.6070265769958496,0.5408150553703308,-0.020654968917369843,0.6001664400100708,0.565521240234375,-0.02776174806058407,0.5968857407569885,0.5851311087608337,-0.030411407351493835,0.5944371223449707,0.603254497051239,-0.03251621872186661,0.6202395558357239,0.5508009195327759,-0.022615982219576836,0.6172862648963928,0.5761987566947937,-0.029882315546274185,0.6150161623954773,0.5969725847244263,-0.03179965913295746,0.6136354207992554,0.6149116158485413,-0.034118831157684326,0.6316739320755005,0.5577077269554138,-0.023536793887615204,0.6319862604141235,0.580268919467926,-0.031463321298360825,0.6300967931747437,0.5999749898910522,-0.03502143174409866,0.6285159587860107,0.6173906326293945,-0.03789503872394562,0.6407316327095032,0.5614433884620667,-0.024054940789937973,0.6501191854476929,0.5744549036026001,-0.0312216617166996,0.6570428609848022,0.5835364460945129,-0.034609876573085785,0.6629356145858765,0.5947422385215759,-0.03720768168568611,3.0455623999999943
0.627306342124939,0.5213305950164795,0.0,0.6087325215339661,0.5314499735832214,-0.003196548204869032,0.5955583453178406,0.5575735569000244,-0.008067406713962555,0.5865206718444824,0.5828914642333984,-0.011869569309055805,0.576156497001648,0.5974236726760864,-0.016443250700831413,0.6069151759147644,0.5414834022521973,-0.020915227010846138,0.5999187231063843,0.5661415457725525,-0.02806037850677967,0.5966750383377075,0.585749626159668,-0.030698856338858604,0.5942710638046265,0.603955864906311,-0.032794706523418427,0.6200324296951294,0.551490306854248,-0.022871222347021103,0.6171506643295288,0.5763451457023621,-0.030316917225718498,0.6150128841400146,0.5973044037818909,-0.032198887318372726,0.6137639284133911,0.6154876947402954,-0.03446483984589577,0.6313064098358154,0.5583764314651489,-0.023735126480460167,0.6320968270301819,0.579937756061554,-0.031773898750543594,0.6304020285606384,0.5996094346046448,-0.03522680327296257,0.6289382576942444,0.6170909404754639,-0.03797499090433121,0.6402567625045776,0.5620971322059631,-0.024173401296138763,0.6498664617538452,0.5745941996574402,-0.03141234442591667,0.6567928194999695,0.5836264491081238,-0.03476906195282936,0.6626573204994202,0.5947180986404419,-0.03729751706123352,3.1038197000000025
0.6271753907203674,0.5216076374053955,0.0,0.6090373992919922,0.5321037173271179,-0.0027776898350566626,0.5959563851356506,0.5592803955078125,-0.007303454913198948,0.586510419845581,0.584294855594635,-0.0108489990234375,0.5761229395866394,0.5982879400253296,-0.015156371518969536,0.6070355176925659,0.5429871678352356,-0.01939086802303791,0.5999078154563904,0.566403329372406,-0.026079149916768074,0.5966131687164307,0.5853350758552551,-0.028372665867209435,0.5941065549850464,0.6031358242034912,-0.030225461348891258,0.6200159192085266,0.552410900592804,-0.021483799442648888,0.6168969869613647,0.5780147910118103,-0.028211558237671852,0.6150701642036438,0.5982739925384521,-0.029736686497926712,0.6142138838768005,0.6156232953071594,-0.03178037330508232,0.6315149664878845,0.5584803819656372,-0.022566424682736397,0.6318520903587341,0.5811434984207153,-0.030134303495287895,0.630081832408905,0.6004161238670349,-0.03339338302612305,0.6286989450454712,0.617874264717102,-0.03601209446787834,0.6407409310340881,0.5615056157112122,-0.023204602301120758,0.6504204273223877,0.5744204521179199,-0.03005288913846016,0.6572130918502808,0.5835301876068115,-0.033260900527238846,0.6629709005355835,0.5950241088867188,-0.03570649400353432,3.1603899000000126
0.6278765201568604,0.5210267901420593,0.0,0.6094117760658264,0.5316591262817383,-0.003427433781325817,0.5961975455284119,0.5586199164390564,-0.00821764301508665,0.5871579647064209,0.5840234756469727,-0.01192164421081543,0.5768538117408752,0.5981932282447815,-0.016402220353484154,0.6074371933937073,0.5434715747833252,-0.020643845200538635,0.6004223823547363,0.5672976970672607,-0.02770237810909748,0.5970845818519592,0.5859420299530029,-0.030285166576504707,0.5946269035339355,0.6030614972114563,-0.03233146294951439,0.620488166809082,0.5535574555397034,-0.022488553076982498,0.6173850297927856,0.5777384638786316,-0.0296187624335289,0.6152268648147583,0.5980902314186096,-0.031428709626197815,0.6140015125274658,0.6156474351882935,-0.033708758652210236,0.6317959427833557,0.5601105690002441,-0.02332439459860325,0.6321415305137634,0.5817021131515503,-0.031171657145023346,0.6303682923316956,0.6008725166320801,-0.03474970534443855,0.6289146542549133,0.6179499626159668,-0.03763939440250397,0.6407923102378845,0.5631919503211975,-0.023763885721564293,0.6503093838691711,0.5755173563957214,-0.03095271997153759,0.6572467684745789,0.5843162536621094,-0.03444589301943779,0.6630694270133972,0.5953944325447083,-0.03711268678307533,3.215946300000013
0.6283290982246399,0.5219144821166992,0.0,0.6095808744430542,0.5322470664978027,-0.003343877149745822,0.596321165561676,0.5586363077163696,-0.008181006647646427,0.5871917605400085,0.5841996669769287,-0.011964988894760609,0.5767951607704163,0.5990122556686401,-0.01648976095020771,0.6073427796363831,0.5425777435302734,-0.020408276468515396,0.6002357006072998,0.5669028162956238,-0.02732088230550289,0.5969142913818359,0.5866115689277649,-0.029794367030262947,0.5943875908851624,0.6047045588493347,-0.031754035502672195,0.6205954551696777,0.5527778267860413,-0.022278504446148872,0.6174558401107788,0.5782335996627808,-0.02937774546444416,0.6155108213424683,0.5992770195007324,-0.031043902039527893,0.6144654154777527,0.6169818639755249,-0.03312775865197182,0.6321110129356384,0.5600086450576782,-0.02311209961771965,0.6322290897369385,0.5826280117034912,-0.030733853578567505,0.6305961608886719,0.6016832590103149,-0.03379626199603081,0.6293227672576904,0.6178614497184753,-0.03631158545613289,0.6412711143493652,0.5639815926551819,-0.023597730323672295,0.6506568789482117,0.5768944621086121,-0.030467916280031204,0.6574584245681763,0.5856931805610657,-0.033511802554130554,0.6631036996841431,0.5962860584259033,-0.035822369158267975,3.270495600000004
0.6274706721305847,0.5228368639945984,0.0,0.6086428165435791,0.5327429175376892,-0.0033908411860466003,0.5956289768218994,0.5586177110671997,-0.008439050056040287,0.586925208568573,0.5833784937858582,-0.012397130951285362,0.576083242893219,0.5972145199775696,-0.01713384874165058,0.6062795519828796,0.5436369776725769,-0.021085578948259354,0.5999605655670166,0.5673450231552124,-0.02863500453531742,0.5968599319458008,0.5867157578468323,-0.0317084938287735,0.5944989919662476,0.6047428846359253,-0.034082844853401184,0.6195715069770813,0.554158627986908,-0.02309214137494564,0.6171219348907471,0.5786729454994202,-0.03078826703131199,0.6150842308998108,0.5993070602416992,-0.03305404260754585,0.6139529943466187,0.6173269152641296,-0.03562983125448227,0.6312077641487122,0.5612832903862,-0.02406824752688408,0.6320397853851318,0.582960307598114,-0.032395537942647934,0.6302440762519836,0.6021140813827515,-0.03623988479375839,0.6288631558418274,0.6191930770874023,-0.039246223866939545,0.6404879093170166,0.5648155212402344,-0.02462334930896759,0.6502279043197632,0.5770798921585083,-0.03204282745718956,0.6570699214935303,0.5855835676193237,-0.03560692071914673,0.6629130840301514,0.5962557792663574,-0.038313571363687515,3.3263463000000115
0.6280797123908997,0.523284912109375,0.0,0.609260618686676,0.5340421795845032,-0.002973751863464713,0.5961009860038757,0.5609342455863953,-0.007756644859910011,0.5870273113250732,0.5863782167434692,-0.011551784351468086,0.5768846869468689,0.6021767258644104,-0.016225913539528847,0.6072083115577698,0.5437101125717163,-0.020333342254161835,0.6001142859458923,0.5685476660728455,-0.027311984449625015,0.5965752601623535,0.5886763334274292,-0.029992250725626945,0.5938205122947693,0.607441782951355,-0.03215446695685387,0.6202999353408813,0.5533686280250549,-0.022444451227784157,0.6171930432319641,0.5790994763374329,-0.03000457026064396,0.614856481552124,0.6008304953575134,-0.032155703753232956,0.6134790778160095,0.6196722388267517,-0.03454366326332092,0.6317814588546753,0.5605233311653137,-0.02345140092074871,0.6320547461509705,0.5827245712280273,-0.031594790518283844,0.6301024556159973,0.6024897694587708,-0.035130392760038376,0.6284608244895935,0.6198638677597046,-0.03790384531021118,0.6410210132598877,0.5649390816688538,-0.024035580456256866,0.6502463221549988,0.578254222869873,-0.031422290951013565,0.656914234161377,0.5875526070594788,-0.03477217257022858,0.6624737977981567,0.5987926721572876,-0.03725585341453552,3.3815767000000108
0.6280710101127625,0.5250093340873718,0.0,0.6094008684158325,0.5343496799468994,-0.004227050580084324,0.5960877537727356,0.560701310634613,-0.009572090581059456,0.5866732001304626,0.5859498977661133,-0.013585002161562443,0.5760834217071533,0.6003212928771973,-0.018449798226356506,0.6072802543640137,0.5449938774108887,-0.022788286209106445,0.5999942421913147,0.5688161253929138,-0.030648905783891678,0.596268355846405,0.5882546305656433,-0.0337999165058136,0.593453049659729,0.6060718894004822,-0.03622420132160187,0.6203297972679138,0.5555053949356079,-0.024366633966565132,0.617084264755249,0.5798515677452087,-0.03262336552143097,0.6146401166915894,0.6004049777984619,-0.034954994916915894,0.6131557822227478,0.6180669665336609,-0.03748690336942673,0.6315810680389404,0.5627902150154114,-0.024893298745155334,0.6320377588272095,0.5838199257850647,-0.03369510918855667,0.6302485466003418,0.6032155752182007,-0.037561528384685516,0.6286937594413757,0.6207231283187866,-0.04050883278250694,0.6404995918273926,0.5666807889938354,-0.02503383532166481,0.6500383615493774,0.5789203643798828,-0.03296204283833504,0.6569161415100098,0.5872195363044739,-0.036654118448495865,0.6625461578369141,0.5979146957397461,-0.03933634236454964,3.433928299999991
0.6271805167198181,0.5235961675643921,0.0,0.6085763573646545,0.5332278609275818,-0.004041919019073248,0.5953072309494019,0.5592972040176392,-0.009302341379225254,0.5861526131629944,0.5839078426361084,-0.01330659445375204,0.5758411884307861,0.5983660221099854,-0.0181749165058136,0.6059757471084595,0.5436379313468933,-0.022778326645493507,0.5991077423095703,0.567592203617096,-0.030852247029542923,0.5959180593490601,0.585988461971283,-0.03416261449456215,0.5937901139259338,0.6026482582092285,-0.036642178893089294,0.6190866231918335,0.5544385313987732,-0.02448871172964573,0.6163260340690613,0.5788320302963257,-0.03271089494228363,0.6145367622375488,0.5990045070648193,-0.03505604341626167,0.6136562824249268,0.6163413524627686,-0.03764461725950241,0.6302945613861084,0.5615370869636536,-0.02518795058131218,0.6311504244804382,0.5825204849243164,-0.034032516181468964,0.6296577453613281,0.6015626192092896,-0.03812408819794655,0.6284884214401245,0.6188985109329224,-0.04124082624912262,0.6392842531204224,0.5650283098220825,-0.025468578562140465,0.6490798592567444,0.5762959122657776,-0.03342706710100174,0.6561852693557739,0.5844005346298218,-0.03732479736208916,0.6622048020362854,0.5950366258621216,-0.04020535573363304,3.497312800000003
0.6272157430648804,0.5244733095169067,0.0,0.6084942817687988,0.5349185466766357,-0.0030302840750664473,0.5954527854919434,0.5613869428634644,-0.0077159712091088295,0.5862833261489868,0.5862340331077576,-0.01134164072573185,0.5761918425559998,0.6013469696044922,-0.015830285847187042,0.6059247851371765,0.5456013083457947,-0.020168254151940346,0.5989161133766174,0.5687611699104309,-0.02706395648419857,0.5953609347343445,0.5878987312316895,-0.02977512776851654,0.5926077365875244,0.6059445738792419,-0.03199294954538345,0.6188766956329346,0.5551250576972961,-0.02218487672507763,0.6159851551055908,0.5791072845458984,-0.029594117775559425,0.6135255098342896,0.5997219085693359,-0.031692713499069214,0.6120158433914185,0.6180267333984375,-0.034115999937057495,0.6302264332771301,0.5617070198059082,-0.023159099742770195,0.6310421824455261,0.582099199295044,-0.03127577528357506,0.6289088726043701,0.6013368368148804,-0.03490147367119789,0.6271311640739441,0.6189846396446228,-0.03773252293467522,0.6395201086997986,0.5651622414588928,-0.02369464375078678,0.6491039395332336,0.5778849720954895,-0.031181758269667625,0.6557859778404236,0.5869945883750916,-0.03468305245041847,0.6614168882369995,0.5984079241752625,-0.037256285548210144,3.552377199999995
0.6261796355247498,0.5265496969223022,0.0,0.607759952545166,0.5358473062515259,-0.003644402837380767,0.5950338244438171,0.561723530292511,-0.008529141545295715,0.5862389802932739,0.5863173007965088,-0.012321693822741508,0.5758564472198486,0.6007078289985657,-0.01702456921339035,0.6059515476226807,0.5465824604034424,-0.02085789665579796,0.5991948843002319,0.5698095560073853,-0.028259599581360817,0.5955835580825806,0.5887275338172913,-0.03126851096749306,0.5927652716636658,0.6064131259918213,-0.033647049218416214,0.6187570691108704,0.5558894276618958,-0.022790629416704178,0.6160844564437866,0.5802131295204163,-0.030744360759854317,0.613918662071228,0.6003216505050659,-0.033085793256759644,0.6125243306159973,0.6180533170700073,-0.035585638135671616,0.6300002336502075,0.5622341632843018,-0.023747548460960388,0.6308619379997253,0.5833641886711121,-0.032466765493154526,0.6290486454963684,0.6023395657539368,-0.03617681935429573,0.6273620128631592,0.6198596954345703,-0.03896600753068924,0.6391441226005554,0.5654784440994263,-0.02430896833539009,0.6488239765167236,0.5785767436027527,-0.03225382789969444,0.6556397080421448,0.5874671936035156,-0.03577859327197075,0.6613113880157471,0.5987757444381714,-0.03828577697277069,3.606052500000004
0.6265808343887329,0.5253410935401917,0.0,0.6081602573394775,0.5337643027305603,-0.004966048989444971,0.5943804979324341,0.5593584775924683,-0.010777941904962063,0.585066556930542,0.5843419432640076,-0.015328079462051392,0.5753347873687744,0.5987038612365723,-0.020864006131887436,0.605221152305603,0.5437339544296265,-0.023916570469737053,0.5979393124580383,0.5671244263648987,-0.03292509540915489,0.5946016311645508,0.5856894254684448,-0.03697271645069122,0.5921217799186707,0.6026561260223389,-0.039930276572704315,0.6183746457099915,0.5529887676239014,-0.02576611004769802,0.615020215511322,0.5776500701904297,-0.03520617634057999,0.6135033369064331,0.5980051755905151,-0.03826368227601051,0.612633466720581,0.6153457164764404,-0.04122273996472359,0.6298025250434875,0.5591796040534973,-0.026700425893068314,0.63001948595047,0.580731987953186,-0.036598265171051025,0.6286253929138184,0.6005231738090515,-0.040894292294979095,0.627190887928009,0.618182361125946,-0.044063813984394073,0.639028012752533,0.5621806383132935,-0.027312053367495537,0.6483722925186157,0.5745643973350525,-0.03607378900051117,0.6552186012268066,0.5830491781234741,-0.04004334658384323,0.6607731580734253,0.5935491919517517,-0.04290354624390602,3.655527400000011
0.6260888576507568,0.5235279202461243,0.0,0.6081969141960144,0.5330386161804199,-0.004571140743792057,0.5948089361190796,0.5596392750740051,-0.00996360369026661,0.5853211283683777,0.584408164024353,-0.014201896265149117,0.5753153562545776,0.5987221002578735,-0.019384831190109253,0.6047302484512329,0.5456450581550598,-0.02216959185898304,0.5978755950927734,0.5671575665473938,-0.030549775809049606,0.5942196249961853,0.5848522782325745,-0.03422736003994942,0.5909923315048218,0.6019139885902405,-0.03695935383439064,0.6177568435668945,0.5535897612571716,-0.023951847106218338,0.6148680448532104,0.5762758255004883,-0.032845210283994675,0.6133314371109009,0.5963770747184753,-0.03545038774609566,0.6119714379310608,0.6145806312561035,-0.03803142160177231,0.6292722225189209,0.5583697557449341,-0.024904945865273476,0.6304863095283508,0.5785318613052368,-0.03447113186120987,0.6292712688446045,0.5978900194168091,-0.038108471781015396,0.6275266408920288,0.6160216927528381,-0.04067878797650337,0.6390495896339417,0.5602520108222961,-0.02554839849472046,0.6486325263977051,0.573123037815094,-0.03402578830718994,0.6552117466926575,0.5824810862541199,-0.03749207779765129,0.660093367099762,0.5941540002822876,-0.039838001132011414,3.7104276999999968
0.6269939541816711,0.5263215899467468,0.0,0.608494222164154,0.5351457595825195,-0.0033987832721322775,0.595085084438324,0.5605902671813965,-0.008436359465122223,0.5856462717056274,0.5850741863250732,-0.01237171795219183,0.5755093097686768,0.600418210029602,-0.017186656594276428,0.6052956581115723,0.5449481010437012,-0.021301789209246635,0.5979220271110535,0.5682663321495056,-0.028727682307362556,0.5943101048469543,0.5875754356384277,-0.03159794583916664,0.5916336178779602,0.6054587364196777,-0.03384903818368912,0.6181973814964294,0.5540857911109924,-0.02331836149096489,0.6147433519363403,0.5785980820655823,-0.03145676106214523,0.6125767827033997,0.5996711850166321,-0.033535540103912354,0.6113812923431396,0.6182527542114258,-0.035775888711214066,0.6296314597129822,0.5603496432304382,-0.02427624724805355,0.6300756931304932,0.5814359188079834,-0.0330415777862072,0.6281063556671143,0.6011018753051758,-0.036268528550863266,0.6263971328735352,0.6189173460006714,-0.038666509091854095,0.6390898823738098,0.5638552308082581,-0.0248152706772089,0.6486892104148865,0.577109158039093,-0.032692573964595795,0.65514075756073,0.5863052606582642,-0.03591609373688698,0.6603530645370483,0.5974926948547363,-0.038157425820827484,3.7649127999999905
0.6259456872940063,0.5243560671806335,0.0,0.6079320311546326,0.5351282358169556,-0.0046135191805660725,0.5948074460029602,0.561329185962677,-0.010502789169549942,0.5854543447494507,0.5854912400245667,-0.015091797336935997,0.5756140947341919,0.5996082425117493,-0.020659370347857475,0.6042076349258423,0.5462741255760193,-0.024348996579647064,0.5971757173538208,0.5671688914299011,-0.03357790783047676,0.5935936570167542,0.5855768918991089,-0.037768084555864334,0.5908954739570618,0.6023662686347961,-0.04073787108063698,0.6172680854797363,0.5540681481361389,-0.026146190240979195,0.6142117977142334,0.5749994516372681,-0.03584952652454376,0.6124897003173828,0.5963439345359802,-0.038673046976327896,0.6112975478172302,0.6149948239326477,-0.04139784350991249,0.6288527846336365,0.55869060754776,-0.026979736983776093,0.6305246353149414,0.5772883296012878,-0.03700205683708191,0.6287943720817566,0.5980525612831116,-0.04075242951512337,0.6267960667610168,0.6170384883880615,-0.04343186318874359,0.638774037361145,0.5605282187461853,-0.02746337093412876,0.6488705277442932,0.5722521543502808,-0.0361463688313961,0.6552569270133972,0.5818383693695068,-0.03970341384410858,0.6599266529083252,0.5933731198310852,-0.04217955097556114,3.8200363999999922
0.6246972680091858,0.522243082523346,0.0,0.6068674325942993,0.533389151096344,-0.004582301247864962,0.5941559672355652,0.5600900650024414,-0.010221735574305058,0.5850256681442261,0.5847517251968384,-0.01457415521144867,0.5751392841339111,0.5992617607116699,-0.019868148490786552,0.6040282249450684,0.5452650785446167,-0.023414764553308487,0.5974509716033936,0.5669309496879578,-0.03214315325021744,0.5940883755683899,0.5855227112770081,-0.035925913602113724,0.5915783047676086,0.6025879383087158,-0.03866039216518402,0.6170325875282288,0.5534902811050415,-0.025093037635087967,0.6143602728843689,0.5757399201393127,-0.03444863483309746,0.6125385761260986,0.5966160893440247,-0.037153273820877075,0.6112781167030334,0.6149051785469055,-0.03975098207592964,0.6285129189491272,0.5584491491317749,-0.025843417271971703,0.6300153136253357,0.5780617594718933,-0.03566783294081688,0.6281741261482239,0.597760796546936,-0.03936517983675003,0.6262007355690002,0.615769624710083,-0.04194194823503494,0.6382158398628235,0.5606583952903748,-0.026239439845085144,0.6482835412025452,0.5734149813652039,-0.03490084782242775,0.6546049118041992,0.5828542113304138,-0.03846940025687218,0.6593541502952576,0.594339907169342,-0.04087350517511368,3.879907000000003
0.6261548399925232,0.5237436294555664,0.0,0.60751873254776,0.534214437007904,-0.00340658170171082,0.5942861437797546,0.560234546661377,-0.008368358016014099,0.5850605964660645,0.5852146744728088,-0.01218646951019764,0.5746602416038513,0.5998250842094421,-0.01683252677321434,0.6047742962837219,0.5451880693435669,-0.02103303372859955,0.5977346301078796,0.5685063004493713,-0.028400186449289322,0.594240665435791,0.5878333449363708,-0.03130939230322838,0.5916007161140442,0.6057568788528442,-0.033584702759981155,0.6179675459861755,0.554927408695221,-0.02295844629406929,0.6148868203163147,0.5787350535392761,-0.03056335635483265,0.6125513911247253,0.5994296669960022,-0.032644473016262054,0.6111342310905457,0.6172295212745667,-0.03504737466573715,0.6295683979988098,0.561394214630127,-0.023859908804297447,0.6299042105674744,0.5823975801467896,-0.03217257559299469,0.6277492642402649,0.601891040802002,-0.03587864339351654,0.6258789300918579,0.619351327419281,-0.0387740358710289,0.6389128565788269,0.5644616484642029,-0.024339785799384117,0.6485727429389954,0.5767195820808411,-0.0319010466337204,0.6552718281745911,0.5855181813240051,-0.035446204245090485,0.6607289910316467,0.596660852432251,-0.03808840364217758,3.9349546999999916
0.6257238388061523,0.5239428877830505,0.0,0.6073153018951416,0.5332602858543396,-0.003959642723202705,0.593963623046875,0.5590140223503113,-0.009314553812146187,0.584755003452301,0.5834580659866333,-0.01349565014243126,0.5747222304344177,0.5991654396057129,-0.01856866106390953,0.6047747731208801,0.5430333018302917,-0.022631896659731865,0.5972601175308228,0.567154049873352,-0.03060668334364891,0.5936084985733032,0.5859394669532776,-0.0338284894824028,0.5908976793289185,0.6030675172805786,-0.03627845272421837,0.6179356575012207,0.5523677468299866,-0.02456090971827507,0.6146314740180969,0.577071487903595,-0.03302265703678131,0.6126328110694885,0.5976288318634033,-0.0353388674557209,0.6114148497581482,0.6156697869300842,-0.03781512379646301,0.6293507814407349,0.5589038133621216,-0.025441838428378105,0.6294095516204834,0.5801597237586975,-0.0345149002969265,0.627825140953064,0.5999754667282104,-0.03825705870985985,0.6263945698738098,0.6178967356681824,-0.04108183830976486,0.6385441422462463,0.5624189972877502,-0.025907747447490692,0.647491455078125,0.5742664337158203,-0.033988166600465775,0.6542743444442749,0.5827550888061523,-0.037526797503232956,0.659945547580719,0.5934585928916931,-0.04009947553277016,3.990793800000006
0.626095712184906,0.5243911147117615,0.0,0.6077908277511597,0.5333120226860046,-0.004171685315668583,0.5942972898483276,0.5584357380867004,-0.009432823397219181,0.5848510265350342,0.5827655792236328,-0.013556844554841518,0.5745009779930115,0.5970808267593384,-0.018596511334180832,0.6046562194824219,0.5436735153198242,-0.022024255245923996,0.5975646376609802,0.566246747970581,-0.030096787959337234,0.5939220190048218,0.5844966769218445,-0.033501967787742615,0.5910457372665405,0.6018287539482117,-0.03607363998889923,0.6176600456237793,0.5525673031806946,-0.023906467482447624,0.6144778728485107,0.5760871767997742,-0.032607551664114,0.6126607060432434,0.5966150164604187,-0.03516089916229248,0.6114315390586853,0.6149687170982361,-0.0377291738986969,0.6290510892868042,0.5584270358085632,-0.02484862506389618,0.629452109336853,0.5790687203407288,-0.03431358188390732,0.6278024315834045,0.597906768321991,-0.03802851587533951,0.626108705997467,0.6150234341621399,-0.04067109525203705,0.638427734375,0.561365008354187,-0.025414569303393364,0.6479524970054626,0.573867678642273,-0.03377734497189522,0.6546321511268616,0.5826329588890076,-0.03727276250720024,0.6599594950675964,0.5933908820152283,-0.03969017043709755,4.048515199999997
0.6254994869232178,0.5229145884513855,0.0,0.6072363257408142,0.5329532623291016,-0.003792078699916601,0.5938824415206909,0.5594078302383423,-0.008827226236462593,0.5844852924346924,0.5841319561004639,-0.012830528430640697,0.5745557546615601,0.5989218950271606,-0.01774827390909195,0.604134202003479,0.5452057719230652,-0.020848166197538376,0.5970351696014404,0.5671895146369934,-0.02855377085506916,0.5934467911720276,0.5855298638343811,-0.03187812864780426,0.5904805064201355,0.6028923392295837,-0.03444162383675575,0.6170797348022461,0.5533490777015686,-0.022845424711704254,0.613970160484314,0.5762964487075806,-0.031118910759687424,0.6122971773147583,0.5972339510917664,-0.033588096499443054,0.6110825538635254,0.616051971912384,-0.0361609160900116,0.6284605860710144,0.558471143245697,-0.0239375252276659,0.6294137239456177,0.5782824158668518,-0.0328093059360981,0.6278530955314636,0.5977284908294678,-0.03625691682100296,0.6261151432991028,0.6156062483787537,-0.038856156170368195,0.6379415392875671,0.5606581568717957,-0.024691876024007797,0.6474792957305908,0.5731683969497681,-0.03261847794055939,0.6539393067359924,0.5822102427482605,-0.035882238298654556,0.6589338183403015,0.5934274792671204,-0.038194406777620316,4.104337000000015
0.625922441482544,0.523432731628418,0.0,0.6076186895370483,0.5329016447067261,-0.00425210315734148,0.5940437316894531,0.5587546229362488,-0.009526708163321018,0.5843375325202942,0.5834941267967224,-0.013570299372076988,0.5741356015205383,0.5977696776390076,-0.01849510706961155,0.6041917204856873,0.5423534512519836,-0.02224186435341835,0.5969893336296082,0.5653659105300903,-0.03012094832956791,0.5934695601463318,0.5841312408447266,-0.03336701914668083,0.590797483921051,0.6014539003372192,-0.03581884130835533,0.6172860264778137,0.5507731437683105,-0.02389523945748806,0.6140320301055908,0.5745633840560913,-0.03214739263057709,0.6125448942184448,0.5957414507865906,-0.034341007471084595,0.6116318106651306,0.6145155429840088,-0.03672084957361221,0.6287471652030945,0.5564502477645874,-0.02458309940993786,0.6293797492980957,0.577116847038269,-0.033498506993055344,0.6279475688934326,0.5968238711357117,-0.036884862929582596,0.6263610124588013,0.6146092414855957,-0.03940841555595398,0.6382074356079102,0.5594455003738403,-0.024919427931308746,0.6476233005523682,0.572153627872467,-0.03295966237783432,0.6541615724563599,0.581150472164154,-0.03629731759428978,0.659239649772644,0.5920974612236023,-0.03862461447715759,4.162799199999995
0.6246558427810669,0.5225726962089539,0.0,0.6069880723953247,0.5334898233413696,-0.004576753359287977,0.5939829349517822,0.5593872666358948,-0.01035541296005249,0.584493100643158,0.583450198173523,-0.014894516207277775,0.574782133102417,0.5975823402404785,-0.02041053958237171,0.603486180305481,0.5436418652534485,-0.023734522983431816,0.5961531400680542,0.5646909475326538,-0.03269466385245323,0.5924937129020691,0.5828725099563599,-0.036717090755701065,0.5895782709121704,0.5996519327163696,-0.03959681838750839,0.6162760853767395,0.5506623387336731,-0.025562327355146408,0.6131671071052551,0.573237419128418,-0.034948986023664474,0.6119029521942139,0.5945000052452087,-0.03760315477848053,0.6108831167221069,0.6128583550453186,-0.04019545763731003,0.6278019547462463,0.5549834370613098,-0.026455389335751534,0.6292311549186707,0.5749041438102722,-0.036198776215314865,0.6278202533721924,0.5952064394950867,-0.039640747010707855,0.6259116530418396,0.6135473251342773,-0.04212317615747452,0.6377441883087158,0.5569278001785278,-0.027027202770113945,0.6475539207458496,0.5696380734443665,-0.03547099232673645,0.6538423299789429,0.5793768167495728,-0.03876154124736786,0.6583212018013,0.5907846689224243,-0.04103878512978554,4.219764700000013
0.6245671510696411,0.5228397250175476,0.0,0.6070025563240051,0.5328030586242676,-0.004753713496029377,0.5941212177276611,0.5591748952865601,-0.010402831248939037,0.5850852131843567,0.5841354131698608,-0.014678907580673695,0.5761488080024719,0.5995027422904968,-0.019900484010577202,0.6036447882652283,0.5437503457069397,-0.02407519705593586,0.5966091752052307,0.5652967691421509,-0.03271457552909851,0.5927474498748779,0.5838778614997864,-0.0363779254257679,0.5896526575088501,0.6011512875556946,-0.0390310063958168,0.6165580153465271,0.5520104765892029,-0.025510383769869804,0.6134934425354004,0.5739680528640747,-0.03502938523888588,0.6114513874053955,0.5955767631530762,-0.03757970780134201,0.6099545955657959,0.6143497228622437,-0.040001511573791504,0.6278262138366699,0.5571784377098083,-0.025930900126695633,0.6289973258972168,0.5768170952796936,-0.03593550994992256,0.6273348331451416,0.5969095826148987,-0.03940572962164879,0.625640869140625,0.6147723197937012,-0.041716527193784714,0.6372644901275635,0.559729278087616,-0.025981813669204712,0.6468773484230042,0.5723423361778259,-0.0347074493765831,0.6531997323036194,0.581592321395874,-0.038116227835416794,0.657945454120636,0.5924173593521118,-0.04032667353749275,4.2748254999999915
0.6233373880386353,0.5223477482795715,0.0,0.6055020093917847,0.5325362682342529,-0.004275362938642502,0.5929244160652161,0.5589442253112793,-0.009706121869385242,0.5841342210769653,0.5834582448005676,-0.013928363099694252,0.574392557144165,0.5981094241142273,-0.019125262275338173,0.6028435230255127,0.5430774688720703,-0.022810887545347214,0.5956147313117981,0.5648811459541321,-0.03124689869582653,0.5915584564208984,0.5829052925109863,-0.03485577553510666,0.5880748629570007,0.599820077419281,-0.037519700825214386,0.6159778237342834,0.5515897274017334,-0.024659598246216774,0.613018274307251,0.575293242931366,-0.033791523426771164,0.6112854480743408,0.5959600210189819,-0.03640630096197128,0.6097990274429321,0.6141091585159302,-0.038954682648181915,0.6273573040962219,0.557136058807373,-0.025553930550813675,0.6283748149871826,0.5781656503677368,-0.035319551825523376,0.6268815994262695,0.5979200005531311,-0.03911091014742851,0.6249845027923584,0.6160614490509033,-0.04178250953555107,0.6366500854492188,0.5597960948944092,-0.026049960404634476,0.6468706130981445,0.5716136693954468,-0.034482963383197784,0.6536572575569153,0.5795021057128906,-0.03792267665266991,0.6585800647735596,0.589763879776001,-0.0403163805603981,4.333258400000005
0.623749852180481,0.5239236950874329,0.0,0.6053852438926697,0.5321085453033447,-0.004537923727184534,0.5919732451438904,0.5574379563331604,-0.009925433434545994,0.5831636190414429,0.5822908878326416,-0.014028580859303474,0.5736746191978455,0.5975185036659241,-0.019060131162405014,0.60267573595047,0.5412406921386719,-0.02307550050318241,0.5947978496551514,0.5646547079086304,-0.03108890727162361,0.5911690592765808,0.5831595659255981,-0.034351978451013565,0.5883314609527588,0.6004011034965515,-0.036843057721853256,0.6157798171043396,0.5509443879127502,-0.024770990014076233,0.6123143434524536,0.5755168795585632,-0.033216867595911026,0.6108013987541199,0.5965138077735901,-0.03555299714207649,0.6098048686981201,0.6148803234100342,-0.038104794919490814,0.6270602941513062,0.5577534437179565,-0.02546938881278038,0.6271160244941711,0.5787896513938904,-0.03445027396082878,0.625665009021759,0.5987098217010498,-0.03823167458176613,0.6241644620895386,0.6167750954627991,-0.041183438152074814,0.6361711621284485,0.5613521933555603,-0.025835517793893814,0.6454355120658875,0.5725502967834473,-0.03388601168990135,0.6522882580757141,0.5802048444747925,-0.037433091551065445,0.6577655673027039,0.5902613997459412,-0.040049534291028976,4.38668100000001
0.6236302852630615,0.5233646631240845,0.0,0.6057224273681641,0.5330953001976013,-0.0043909745290875435,0.5924996733665466,0.5589253306388855,-0.009810741059482098,0.5830869674682617,0.5832101106643677,-0.014010927639901638,0.5731439590454102,0.5981702208518982,-0.019195305183529854,0.6020940542221069,0.5441878437995911,-0.022587791085243225,0.5948238968849182,0.5659548044204712,-0.03095775842666626,0.5909956693649292,0.5843932032585144,-0.034715328365564346,0.5878812670707703,0.6016360521316528,-0.03749961033463478,0.6149620413780212,0.5522792339324951,-0.024276047945022583,0.6115072965621948,0.57425856590271,-0.033241502940654755,0.6096184253692627,0.5954749584197998,-0.03596184775233269,0.608249843120575,0.6143041253089905,-0.038645945489406586,0.6263477206230164,0.5573192238807678,-0.025036374107003212,0.6271023154258728,0.576580286026001,-0.034682806581258774,0.6255335211753845,0.596556544303894,-0.03851982578635216,0.623863697052002,0.6147854924201965,-0.04122772067785263,0.6360313296318054,0.5596938729286194,-0.02542342245578766,0.6457618474960327,0.5715481638908386,-0.03394294157624245,0.6521798968315125,0.580500602722168,-0.037535060197114944,0.6569905281066895,0.5914137363433838,-0.04000311344861984,4.4438016000000005
0.6230695247650146,0.5220984816551208,0.0,0.6053082942962646,0.5322543978691101,-0.004571333061903715,0.5922147035598755,0.5583931803703308,-0.010149609297513962,0.5832856297492981,0.5838447213172913,-0.014428486116230488,0.5746862292289734,0.5992969274520874,-0.019663000479340553,0.6022990942001343,0.5432326793670654,-0.023540019989013672,0.5948105454444885,0.5649980902671814,-0.03205554932355881,0.5906654596328735,0.583585262298584,-0.03576723113656044,0.5871835350990295,0.6006085872650146,-0.0384930782020092,0.6150714159011841,0.5519663095474243,-0.02505846880376339,0.6118127703666687,0.5740388035774231,-0.03423052653670311,0.6097961068153381,0.5956200361251831,-0.036826517432928085,0.6081935167312622,0.6141598224639893,-0.03937869146466255,0.6261085867881775,0.5573805570602417,-0.025585658848285675,0.627295732498169,0.5767258405685425,-0.03524009510874748,0.62553870677948,0.5969094634056091,-0.038930345326662064,0.6236233115196228,0.6146420240402222,-0.04153400659561157,0.6353319883346558,0.5600942969322205,-0.02575048990547657,0.6453378200531006,0.5716906189918518,-0.03409755975008011,0.6515855193138123,0.5805720090866089,-0.03757595270872116,0.6560960412025452,0.5909058451652527,-0.03998372703790665,4.4994159000000025
0.6221767067909241,0.5210573077201843,0.0,0.6043623089790344,0.5321735739707947,-0.004081429913640022,0.5917370915412903,0.5589821934700012,-0.009295729920268059,0.5830628871917725,0.5834783315658569,-0.013299400918185711,0.5738988518714905,0.5985531210899353,-0.018244633451104164,0.6015250086784363,0.5435793995857239,-0.022422097623348236,0.5945264101028442,0.5656886100769043,-0.03061608038842678,0.5905951857566833,0.5834517478942871,-0.03408483415842056,0.5871209502220154,0.6003586053848267,-0.036677710711956024,0.6145835518836975,0.5513623952865601,-0.024349652230739594,0.6115697622299194,0.5743685960769653,-0.03339127451181412,0.609595000743866,0.5950151681900024,-0.035979099571704865,0.6078965067863464,0.6133579015731812,-0.038504038006067276,0.625939130783081,0.5563424229621887,-0.025315312668681145,0.6265840530395508,0.5768824815750122,-0.035026825964450836,0.6249722242355347,0.5970499515533447,-0.03883836790919304,0.6230162978172302,0.6154524683952332,-0.04150022193789482,0.6353228092193604,0.558576226234436,-0.025863828137516975,0.6449142694473267,0.5705515742301941,-0.034334082156419754,0.6515413522720337,0.5789813995361328,-0.03782205656170845,0.6565008759498596,0.5895028114318848,-0.04022429883480072,4.556225900000015
0.6228694319725037,0.5230305790901184,0.0,0.6047555804252625,0.5328572392463684,-0.004351328127086163,0.5919696688652039,0.5585826635360718,-0.009771304205060005,0.5831907391548157,0.583306074142456,-0.013887211680412292,0.5738241672515869,0.5986201167106628,-0.01898273639380932,0.602191150188446,0.5433465242385864,-0.023438915610313416,0.5948244333267212,0.5662883520126343,-0.03172076866030693,0.590903639793396,0.5852112174034119,-0.03520728275179863,0.587695837020874,0.602573573589325,-0.037838373333215714,0.6152386665344238,0.5522099137306213,-0.025214003399014473,0.6117101907730103,0.576153576374054,-0.03425440564751625,0.6093617081642151,0.5969787836074829,-0.036856506019830704,0.6076753735542297,0.6147652864456177,-0.039453018456697464,0.6266021132469177,0.5579027533531189,-0.02596987597644329,0.6265376210212708,0.5787174701690674,-0.03558877483010292,0.624393105506897,0.5987995862960815,-0.03952062502503395,0.6223999261856079,0.616768479347229,-0.04235702380537987,0.6359648108482361,0.560512363910675,-0.026316996663808823,0.6448545455932617,0.5730143785476685,-0.03489476069808006,0.6511253118515015,0.5816513895988464,-0.03860803321003914,0.6560298204421997,0.5921838283538818,-0.04120013117790222,4.613983499999989
0.6235944032669067,0.5254030823707581,0.0,0.6050658822059631,0.5339196920394897,-0.004508781712502241,0.5918115377426147,0.5589216947555542,-0.010037671774625778,0.5828062295913696,0.5834264755249023,-0.014230364002287388,0.5728222727775574,0.5980669856071472,-0.01941811852157116,0.6022456288337708,0.5430532693862915,-0.02353188954293728,0.5952088236808777,0.5659661889076233,-0.03185787796974182,0.5911911725997925,0.5847458243370056,-0.03551166132092476,0.5879561901092529,0.6025741696357727,-0.038310129195451736,0.6153372526168823,0.5526079535484314,-0.02530645579099655,0.6123610138893127,0.5756952166557312,-0.034289248287677765,0.6100034713745117,0.5965652465820312,-0.037043794989585876,0.6083894371986389,0.6151384115219116,-0.0398627407848835,0.6266074180603027,0.5591036677360535,-0.026053858920931816,0.6269328594207764,0.5787455439567566,-0.03564125671982765,0.6248663663864136,0.5985187292098999,-0.03975434601306915,0.622942328453064,0.6165876388549805,-0.042843833565711975,0.635744571685791,0.5625067949295044,-0.02641754411160946,0.6451813578605652,0.573326051235199,-0.03501332178711891,0.6517525911331177,0.5813522338867188,-0.03883190453052521,0.657016396522522,0.5918840765953064,-0.04159451276063919,4.675534099999993
0.6226957440376282,0.5219084620475769,0.0,0.604991614818573,0.5329901576042175,-0.00429599080234766,0.5919937491416931,0.5591505169868469,-0.009744641371071339,0.5825852751731873,0.583577036857605,-0.013903881423175335,0.5731101036071777,0.598067581653595,-0.019001249223947525,0.6016358733177185,0.5435039401054382,-0.023322632536292076,0.5939664840698242,0.5648223161697388,-0.03193478658795357,0.5899813771247864,0.5834226608276367,-0.035725850611925125,0.5867043733596802,0.6001821756362915,-0.0384712889790535,0.6142590045928955,0.5512665510177612,-0.024985499680042267,0.6110042929649353,0.573448657989502,-0.034081652760505676,0.6093374490737915,0.5952075719833374,-0.03659781068563461,0.6079244017601013,0.6137244701385498,-0.0391300693154335,0.6254340410232544,0.5561233758926392,-0.025673680007457733,0.6268017888069153,0.5752391219139099,-0.03520434349775314,0.6250321269035339,0.5956185460090637,-0.03876306861639023,0.6228005886077881,0.6136999130249023,-0.04133421555161476,0.6350799798965454,0.5582944750785828,-0.02600090019404888,0.6450566649436951,0.5702127814292908,-0.03430010750889778,0.6512584686279297,0.5795156359672546,-0.037767842411994934,0.6555621027946472,0.5902500748634338,-0.040203213691711426,4.733192400000007
0.6227114796638489,0.5244466066360474,0.0,0.6047567129135132,0.5338754057884216,-0.0043052565306425095,0.5918804407119751,0.55960613489151,-0.009772202931344509,0.5827978849411011,0.5840280652046204,-0.013982471078634262,0.5734435319900513,0.5991153120994568,-0.01920185051858425,0.6016363501548767,0.5445529222488403,-0.023241238668560982,0.5946692824363708,0.5670230984687805,-0.03146390616893768,0.5906451344490051,0.5853243470191956,-0.03502899408340454,0.5871134996414185,0.6027518510818481,-0.037736717611551285,0.6144524812698364,0.5531582236289978,-0.02498338557779789,0.6114419102668762,0.5755917429924011,-0.03397791087627411,0.6092842817306519,0.5966068506240845,-0.03649713844060898,0.6076059341430664,0.615253746509552,-0.039035599678754807,0.6254917979240417,0.5585693120956421,-0.025711238384246826,0.6265451908111572,0.5782333016395569,-0.03525417298078537,0.6248171329498291,0.5984998941421509,-0.03899306803941727,0.6229594349861145,0.616972804069519,-0.04169902950525284,0.6346224546432495,0.5611329078674316,-0.02604493498802185,0.6445803046226501,0.5728113055229187,-0.03446349874138832,0.6511664390563965,0.581510066986084,-0.037976086139678955,0.6560721397399902,0.5922437310218811,-0.04042670503258705,4.7925611
0.6221089363098145,0.5237410664558411,0.0,0.6046630144119263,0.5338954925537109,-0.004848507232964039,0.5916939377784729,0.5599120855331421,-0.010378943756222725,0.5826013088226318,0.584352970123291,-0.014680539257824421,0.5733441710472107,0.5990103483200073,-0.020005980506539345,0.6009546518325806,0.5447460412979126,-0.02298598922789097,0.5934312343597412,0.5663890838623047,-0.031479816883802414,0.5893948674201965,0.5839274525642395,-0.03527722507715225,0.5859270691871643,0.600549578666687,-0.03810354694724083,0.6138904690742493,0.552364706993103,-0.024642109870910645,0.6105145215988159,0.5752037167549133,-0.03384248912334442,0.6086108684539795,0.5958040952682495,-0.03668162599205971,0.6068071126937866,0.6137431263923645,-0.03941364586353302,0.6252556443214417,0.5570254921913147,-0.025425761938095093,0.6260464191436768,0.5775750279426575,-0.03523356840014458,0.6245351433753967,0.5973591208457947,-0.039157528430223465,0.6224538087844849,0.6152699589729309,-0.04194759950041771,0.6348608136177063,0.5590698719024658,-0.025880582630634308,0.6446211338043213,0.5716750025749207,-0.03450166806578636,0.6511121988296509,0.5806244015693665,-0.038098596036434174,0.6556314826011658,0.5914702415466309,-0.04058137908577919,4.84982389999999
0.621829628944397,0.522312343120575,0.0,0.6039609909057617,0.5324790477752686,-0.004878239706158638,0.5911127328872681,0.5576814413070679,-0.010822280310094357,0.581998348236084,0.5816004872322083,-0.01544650923460722,0.5721407532691956,0.5951821804046631,-0.021100103855133057,0.6006670594215393,0.543658435344696,-0.024861153215169907,0.5922588109970093,0.5657235980033875,-0.0341499000787735,0.5883680582046509,0.5836778283119202,-0.03826981037855148,0.5856134295463562,0.5996673703193665,-0.04124745726585388,0.6132348775863647,0.5515586137771606,-0.02675367332994938,0.6097961664199829,0.5749415755271912,-0.03686940297484398,0.6081651449203491,0.5966262817382812,-0.040090665221214294,0.6069523096084595,0.6148170828819275,-0.04308424890041351,0.624433159828186,0.5563457608222961,-0.0276655126363039,0.6254815459251404,0.5766090750694275,-0.0380316786468029,0.6239938735961914,0.5969458818435669,-0.042209427803754807,0.6221151351928711,0.614975094795227,-0.045235469937324524,0.6339427828788757,0.5584184527397156,-0.028226090595126152,0.644099771976471,0.5707541704177856,-0.03729644790291786,0.6506831645965576,0.5797370076179504,-0.041154105216264725,0.6553435325622559,0.5903905034065247,-0.04388074204325676,4.905858599999988
0.6219773888587952,0.5209993720054626,0.0,0.6039977669715881,0.5312165021896362,-0.004460172727704048,0.590960681438446,0.5568405985832214,-0.01010644156485796,0.581455647945404,0.5810098052024841,-0.014458813704550266,0.5717459321022034,0.5951528549194336,-0.019838929176330566,0.6009466648101807,0.5414491891860962,-0.023989802226424217,0.5935332775115967,0.5636196136474609,-0.03284665569663048,0.5896271467208862,0.5820072293281555,-0.03681902214884758,0.586497962474823,0.5986533761024475,-0.03972947224974632,0.6136448979377747,0.5500914454460144,-0.02576615661382675,0.6104642152786255,0.5727470517158508,-0.035280779004096985,0.6083608269691467,0.5937581658363342,-0.03826417773962021,0.6067589521408081,0.6115003824234009,-0.04112245887517929,0.6247859001159668,0.5553898215293884,-0.02652743086218834,0.6257848739624023,0.5753368139266968,-0.03660202771425247,0.6238199472427368,0.5955088138580322,-0.04077672213315964,0.6217027306556702,0.6133514046669006,-0.04373326897621155,0.6340947151184082,0.5579140782356262,-0.0268621277064085,0.6441792845726013,0.5700275301933289,-0.035672497004270554,0.6505788564682007,0.5789703726768494,-0.03951246291399002,0.6552363038063049,0.5896568894386292,-0.042205214500427246,4.961733199999998
0.6216664910316467,0.5197640657424927,0.0,0.6037481427192688,0.5302194952964783,-0.0047609698958694935,0.5906725525856018,0.5558187365531921,-0.010765181854367256,0.5814000964164734,0.580130934715271,-0.01542811281979084,0.5719264149665833,0.5943067669868469,-0.021012693643569946,0.6009288430213928,0.5402929186820984,-0.025091502815485,0.5933286547660828,0.5619745850563049,-0.034400783479213715,0.5895786285400391,0.5799649953842163,-0.03838612139225006,0.5867650508880615,0.5963058471679688,-0.041196148842573166,0.6138512492179871,0.5485836863517761,-0.026816461235284805,0.6106607913970947,0.5708005428314209,-0.036852505058050156,0.6087376475334167,0.5917008519172668,-0.0396488681435585,0.6073697209358215,0.6096523404121399,-0.04225356504321098,0.6250290870666504,0.5535672307014465,-0.02749641053378582,0.6260302066802979,0.5733847618103027,-0.0379021055996418,0.624256432056427,0.5931495428085327,-0.04162537679076195,0.6223165988922119,0.6105316281318665,-0.04414433240890503,0.6342352628707886,0.5559644103050232,-0.02778383158147335,0.644223153591156,0.5679421424865723,-0.03668855130672455,0.6505256295204163,0.5767792463302612,-0.040224310010671616,0.6550883054733276,0.5871554017066956,-0.04260329529643059,5.017632800000001
0.6222419738769531,0.5194665193557739,0.0,0.6044383645057678,0.5295343995094299,-0.00391964428126812,0.5912739038467407,0.5554084777832031,-0.00895993784070015,0.5817952752113342,0.5793687701225281,-0.01286000944674015,0.5722408890724182,0.5934669971466064,-0.01762384921312332,0.6013184189796448,0.5403263568878174,-0.021447720006108284,0.5941018462181091,0.5614379644393921,-0.029390506446361542,0.5904438495635986,0.5785539746284485,-0.03271318972110748,0.5875436067581177,0.5941195487976074,-0.0351860411465168,0.6138933300971985,0.5486704111099243,-0.023330414667725563,0.6108312010765076,0.5707958340644836,-0.031569939106702805,0.608694314956665,0.5903027653694153,-0.033844005316495895,0.6071715950965881,0.6071065664291382,-0.03628652170300484,0.6250863075256348,0.5539113283157349,-0.02431792952120304,0.6257010698318481,0.5734004974365234,-0.033270370215177536,0.6238287687301636,0.5922604203224182,-0.03674498200416565,0.6219012141227722,0.6091410517692566,-0.03930807113647461,0.6344409584999084,0.5561901330947876,-0.02494189515709877,0.6440126299858093,0.5680848956108093,-0.032980747520923615,0.6503780484199524,0.5767031908035278,-0.03638835623860359,0.6552975177764893,0.587245523929596,-0.03877712041139603,5.075812100000007
0.6226194500923157,0.5183669924736023,0.0,0.6049053072929382,0.5289627909660339,-0.00361753161996603,0.591931164264679,0.5554327368736267,-0.008683095686137676,0.582192063331604,0.5795521140098572,-0.012588060460984707,0.572437047958374,0.592921793460846,-0.017343049868941307,0.60194993019104,0.5400032997131348,-0.02173198200762272,0.5946343541145325,0.5611789226531982,-0.02958054654300213,0.5910599231719971,0.5787507891654968,-0.032634660601615906,0.5883854627609253,0.5943567156791687,-0.03492014855146408,0.6145646572113037,0.5479530096054077,-0.023659007623791695,0.6114769577980042,0.5709900259971619,-0.03215235844254494,0.609699547290802,0.5906817317008972,-0.03423966467380524,0.6087476015090942,0.6068573594093323,-0.03643569350242615,0.6258523464202881,0.5526503324508667,-0.024598998948931694,0.6267158389091492,0.5726834535598755,-0.033801209181547165,0.6246376633644104,0.5917497873306274,-0.036993660032749176,0.6226229071617126,0.6084787249565125,-0.039225831627845764,0.6352862119674683,0.5548464059829712,-0.025110356509685516,0.6449956297874451,0.568128228187561,-0.0333012193441391,0.6511098146438599,0.5771055221557617,-0.036573607474565506,0.6557520031929016,0.5876247882843018,-0.03875889629125595,5.131108399999988
0.6231964826583862,0.5179362297058105,0.0,0.6055094003677368,0.5283677577972412,-0.0038558426313102245,0.5923938155174255,0.5542840361595154,-0.00874288473278284,0.583231508731842,0.5784928202629089,-0.012504485435783863,0.573110818862915,0.5918359160423279,-0.01703878678381443,0.6027578115463257,0.5396798253059387,-0.020822841674089432,0.5957388877868652,0.561652660369873,-0.028191592544317245,0.5923715829849243,0.5789205431938171,-0.03099430911242962,0.5900862812995911,0.5941033959388733,-0.033147767186164856,0.6155380010604858,0.5475319027900696,-0.02261064574122429,0.6126339435577393,0.5707944631576538,-0.030459748581051826,0.6107032299041748,0.5905634164810181,-0.032500479370355606,0.6098320484161377,0.6073543429374695,-0.03476475924253464,0.6269910931587219,0.5525162220001221,-0.023482106626033783,0.6275100111961365,0.5722017884254456,-0.03206963837146759,0.6253739595413208,0.5907003879547119,-0.03530152514576912,0.6235248446464539,0.6071209907531738,-0.037703122943639755,0.636576771736145,0.554835855960846,-0.02401084080338478,0.6453868746757507,0.5676103830337524,-0.031833138316869736,0.6516121029853821,0.5767601728439331,-0.035140737891197205,0.6568673253059387,0.5876937508583069,-0.03743385523557663,5.190122900000006
0.6250656247138977,0.5191138982772827,0.0,0.6066083312034607,0.5278892517089844,-0.0035390376579016447,0.5933025479316711,0.5538107752799988,-0.008273007348179817,0.5839152932167053,0.5783108472824097,-0.011857588775455952,0.5735429525375366,0.5921034812927246,-0.01629074104130268,0.6042326092720032,0.5379167199134827,-0.02028333768248558,0.5970029830932617,0.5601826906204224,-0.02712525986135006,0.5931316018104553,0.5778592228889465,-0.029667535796761513,0.5904036164283752,0.5938036441802979,-0.031698860228061676,0.6169810891151428,0.547464907169342,-0.02200974151492119,0.613551139831543,0.5708817839622498,-0.029014484956860542,0.610942006111145,0.5904414057731628,-0.030834171921014786,0.609636127948761,0.6070832014083862,-0.033065397292375565,0.6283148527145386,0.553870439529419,-0.022766120731830597,0.6281043291091919,0.5738945603370667,-0.030709998682141304,0.6255958080291748,0.5923043489456177,-0.03411013260483742,0.6236423254013062,0.6088468432426453,-0.03677217289805412,0.6375718712806702,0.5572264194488525,-0.02312782220542431,0.6466392278671265,0.5694315433502197,-0.030545536428689957,0.6529887914657593,0.5778923630714417,-0.03389018401503563,0.6584718227386475,0.5884034037590027,-0.03631528839468956,5.256869899999998
0.6255563497543335,0.5190864205360413,0.0,0.6072084903717041,0.5286216139793396,-0.0034928086679428816,0.5939210057258606,0.5546963810920715,-0.008319699205458164,0.5845966339111328,0.5791478753089905,-0.012072503566741943,0.5742112994194031,0.592652440071106,-0.016620304435491562,0.6041317582130432,0.5399972200393677,-0.020392363891005516,0.5972163677215576,0.5617538094520569,-0.027597032487392426,0.5937079787254333,0.5796663165092468,-0.030323637649416924,0.5910460948944092,0.5961228013038635,-0.03243011236190796,0.6170071363449097,0.548302948474884,-0.022256847470998764,0.6139298677444458,0.5711778998374939,-0.029935454949736595,0.6120854616165161,0.5916924476623535,-0.03173714876174927,0.611172080039978,0.6099011898040771,-0.03378525376319885,0.6284763813018799,0.553716778755188,-0.023171817883849144,0.6288540363311768,0.5733541250228882,-0.03148438408970833,0.6269384026527405,0.5921304225921631,-0.03428162261843681,0.6252807378768921,0.6089860200881958,-0.03637121617794037,0.6379908323287964,0.5563156008720398,-0.023749595507979393,0.6468273401260376,0.569077730178833,-0.03129735216498375,0.652988076210022,0.5781636834144592,-0.034239862114191055,0.6581487059593201,0.5890078544616699,-0.0362333320081234,5.314583999999996
0.6258719563484192,0.5204452276229858,0.0,0.6075973510742188,0.5297822952270508,-0.004552569705992937,0.5943438410758972,0.5556267499923706,-0.010193893685936928,0.584959089756012,0.5804232954978943,-0.014511066488921642,0.5751060247421265,0.5951219797134399,-0.019786696881055832,0.604505181312561,0.540454089641571,-0.024013016372919083,0.596723198890686,0.5624527335166931,-0.032584115862846375,0.5930709838867188,0.5813417434692383,-0.036195505410432816,0.5904287695884705,0.5983940958976746,-0.03884001076221466,0.6175623536109924,0.5492281317710876,-0.025546014308929443,0.613909125328064,0.571968138217926,-0.03483974188566208,0.6120535135269165,0.5930191278457642,-0.037325385957956314,0.6109144687652588,0.6108828783035278,-0.03976859524846077,0.6289166212081909,0.55466228723526,-0.026056084781885147,0.6291772127151489,0.5745877027511597,-0.03578788414597511,0.6271622180938721,0.5940943360328674,-0.039218369871377945,0.6252699494361877,0.6113085150718689,-0.04163684695959091,0.638249933719635,0.5571059584617615,-0.026194419711828232,0.6469979286193848,0.5708259344100952,-0.03487146645784378,0.6531412601470947,0.5802004933357239,-0.03833618015050888,0.657947838306427,0.5910698175430298,-0.04064559191465378,5.368268199999989
0.6251327395439148,0.5211958885192871,0.0,0.6071481108665466,0.5307179689407349,-0.0037239647936075926,0.5941274166107178,0.5561487674713135,-0.008766691200435162,0.5846923589706421,0.579944908618927,-0.0126424515619874,0.5744609236717224,0.5941387414932251,-0.0174090676009655,0.604647696018219,0.5407130718231201,-0.021252667531371117,0.5974443554878235,0.5633946657180786,-0.0287825595587492,0.5934759974479675,0.5820686221122742,-0.03189875930547714,0.5902145504951477,0.5992156863212585,-0.03431824594736099,0.6172943711280823,0.5492389798164368,-0.023085230961441994,0.6138855218887329,0.5727725028991699,-0.031200934201478958,0.6115846037864685,0.5935766696929932,-0.03353235125541687,0.6100824475288391,0.6118786931037903,-0.0359991081058979,0.6284683346748352,0.5550714731216431,-0.023908592760562897,0.6289678812026978,0.5753517150878906,-0.0327068567276001,0.6268718838691711,0.5951858758926392,-0.03621484711766243,0.6248553395271301,0.6132142543792725,-0.03883317485451698,0.6376743316650391,0.5582780838012695,-0.02433115430176258,0.6471075415611267,0.5706137418746948,-0.032207999378442764,0.6534227132797241,0.5793701410293579,-0.035540394484996796,0.6583312749862671,0.5902163982391357,-0.03790125995874405,5.424928499999993
0.6256773471832275,0.5243141651153564,0.0,0.6073235869407654,0.5317342877388,-0.004079867620021105,0.5937422513961792,0.5562382936477661,-0.00935770571231842,0.5844792723655701,0.5807342529296875,-0.013408862054347992,0.5740871429443359,0.5950483083724976,-0.01838892698287964,0.6044711470603943,0.5399590134620667,-0.022201601415872574,0.5972697734832764,0.5628286004066467,-0.030017757788300514,0.5933464765548706,0.5821122527122498,-0.03329547122120857,0.5902119874954224,0.6001806855201721,-0.03583281859755516,0.61733078956604,0.5496981143951416,-0.024021953344345093,0.6139655113220215,0.5741024613380432,-0.03221609815955162,0.6116107702255249,0.5947868824005127,-0.03453812748193741,0.6098917126655579,0.6126785278320312,-0.037079501897096634,0.62851482629776,0.5565969347953796,-0.02481946162879467,0.6286333203315735,0.57795250415802,-0.033661965280771255,0.6265522241592407,0.597245454788208,-0.037176597863435745,0.6244133710861206,0.6145524382591248,-0.03991115093231201,0.6375802755355835,0.5604231357574463,-0.0252472385764122,0.6468266844749451,0.573078989982605,-0.03322157263755798,0.6534051895141602,0.5812298655509949,-0.03656364232301712,0.6584787964820862,0.5915637016296387,-0.03898792341351509,5.481047100000012
0.623690664768219,0.5209285020828247,0.0,0.6061203479766846,0.5322006344795227,-0.0038618878461420536,0.5933588743209839,0.5581555962562561,-0.00905146636068821,0.584243655204773,0.5818620920181274,-0.013162879273295403,0.5746152400970459,0.5964648127555847,-0.018313370645046234,0.6024618744850159,0.5439766049385071,-0.0213902797549963,0.5951253771781921,0.5657482743263245,-0.029462456703186035,0.591033935546875,0.5840219259262085,-0.03328898549079895,0.587591826915741,0.6006187200546265,-0.03619987517595291,0.6149152517318726,0.5515403151512146,-0.023372741416096687,0.6118916273117065,0.574112594127655,-0.031953804194927216,0.6103498339653015,0.5957502126693726,-0.034839823842048645,0.6090057492256165,0.614295482635498,-0.03774942830204964,0.6260833144187927,0.5559975504875183,-0.024463562294840813,0.6275566816329956,0.575905442237854,-0.03371785581111908,0.6257743835449219,0.596630334854126,-0.03781265765428543,0.623497724533081,0.6153542399406433,-0.04088923707604408,0.6356860995292664,0.5577989220619202,-0.02517740987241268,0.6458290219306946,0.5699407458305359,-0.0334191732108593,0.652026355266571,0.5794532895088196,-0.037103381007909775,0.6562634706497192,0.5906813740730286,-0.03980785980820656,5.538754900000015
0.6233909130096436,0.5234473943710327,0.0,0.6056368350982666,0.5324767827987671,-0.004264001734554768,0.5930318236351013,0.5576268434524536,-0.009683679789304733,0.5843550562858582,0.5818211436271667,-0.013794363476336002,0.5752098560333252,0.5969343781471252,-0.018922286108136177,0.6024214625358582,0.5428681373596191,-0.023241262882947922,0.5949888825416565,0.564797043800354,-0.0315043181180954,0.5906319618225098,0.5830709338188171,-0.03509977087378502,0.587011992931366,0.6000776886940002,-0.03783402964472771,0.6151732206344604,0.5516812801361084,-0.025045061483979225,0.6116563081741333,0.5750573873519897,-0.03424285724759102,0.6093572378158569,0.5961613059043884,-0.03706677258014679,0.6077459454536438,0.6142492294311523,-0.03981786593794823,0.6264148950576782,0.5576625466346741,-0.02581080235540867,0.6268287301063538,0.5781034231185913,-0.03568030521273613,0.6247206330299377,0.5984871983528137,-0.03984091058373451,0.6226392388343811,0.6170798540115356,-0.04279837757349014,0.6357734799385071,0.5609833002090454,-0.026129942387342453,0.6452578902244568,0.573289155960083,-0.03484172374010086,0.6516976356506348,0.5819292664527893,-0.03863456845283508,0.6565648317337036,0.5927349925041199,-0.041291240602731705,5.596492900000015
0.6231630444526672,0.5245295763015747,0.0,0.6053298115730286,0.5331323146820068,-0.003953362349420786,0.592582106590271,0.5578197836875916,-0.009237350896000862,0.5839019417762756,0.5817486047744751,-0.01343571674078703,0.5745375752449036,0.5967655181884766,-0.018680941313505173,0.6018099784851074,0.5443947315216064,-0.021959666162729263,0.5944719910621643,0.5670451521873474,-0.030036956071853638,0.5902745127677917,0.5851364731788635,-0.03369360789656639,0.5866103768348694,0.6026573777198792,-0.03653581440448761,0.6144924163818359,0.5536700487136841,-0.024105234071612358,0.610984742641449,0.5772277116775513,-0.03290405496954918,0.6087137460708618,0.5972395539283752,-0.03570916876196861,0.6068686842918396,0.6150699257850647,-0.038520049303770065,0.6256917119026184,0.5600836873054504,-0.025315895676612854,0.6260637640953064,0.5807600021362305,-0.034712232649326324,0.6243012547492981,0.6000680327415466,-0.03879769891500473,0.6223485469818115,0.6180766224861145,-0.04186832532286644,0.635009765625,0.5633974075317383,-0.026130834594368935,0.6447911858558655,0.5753713250160217,-0.03449663147330284,0.6514942049980164,0.5833545923233032,-0.038130491971969604,0.6564691066741943,0.5939013361930847,-0.040771204978227615,5.651172599999995
0.6232588887214661,0.5238785743713379,0.0,0.605134904384613,0.5331587791442871,-0.004633383825421333,0.5921066999435425,0.5584243535995483,-0.010410066694021225,0.5832302570343018,0.5825744867324829,-0.014957461506128311,0.5735384225845337,0.5974085927009583,-0.020598849281668663,0.6011112332344055,0.5442955493927002,-0.023545345291495323,0.5939190983772278,0.5668296217918396,-0.032451316714286804,0.5895950198173523,0.5850943922996521,-0.03672168403863907,0.5858191251754761,0.6024277806282043,-0.039894815534353256,0.6140868663787842,0.5533404350280762,-0.025443030521273613,0.6106184720993042,0.5766668319702148,-0.03495265915989876,0.6085419058799744,0.5977402329444885,-0.038168735802173615,0.6067582964897156,0.6162013411521912,-0.041242748498916626,0.6254584193229675,0.559154212474823,-0.026428060606122017,0.6261782646179199,0.5803907513618469,-0.03656652569770813,0.6247153878211975,0.6010262370109558,-0.041053276509046555,0.6228964328765869,0.6199218034744263,-0.04429148510098457,0.6349530816078186,0.5620536804199219,-0.027018429711461067,0.6450846791267395,0.5741762518882751,-0.03586406633257866,0.6518397927284241,0.5823724865913391,-0.039721596986055374,0.656639039516449,0.5928903222084045,-0.0424807108938694,5.70596119999999
0.6231444478034973,0.5236753225326538,0.0,0.6051512360572815,0.533719539642334,-0.004267512354999781,0.5921348929405212,0.5589573383331299,-0.009916985407471657,0.5830027461051941,0.5829378962516785,-0.014468676410615444,0.5734935998916626,0.5980461835861206,-0.02010306715965271,0.6012173295021057,0.5446051955223083,-0.022821540012955666,0.5939731001853943,0.5667088627815247,-0.03166405111551285,0.5898697376251221,0.5851621031761169,-0.035861920565366745,0.5863641500473022,0.602150559425354,-0.0389651358127594,0.6139097213745117,0.5530097484588623,-0.024969011545181274,0.6107335686683655,0.5764610767364502,-0.03434545546770096,0.6087905168533325,0.5977577567100525,-0.037404175847768784,0.6070475578308105,0.6159526109695435,-0.04036206379532814,0.62518709897995,0.558234691619873,-0.02622869983315468,0.6262463927268982,0.5793234705924988,-0.036087144166231155,0.6245723962783813,0.5997316837310791,-0.040121883153915405,0.6224138140678406,0.618034303188324,-0.04311279579997063,0.6347612142562866,0.5606877207756042,-0.027136128395795822,0.6450774073600769,0.5732599496841431,-0.035746317356824875,0.6516126394271851,0.5821998715400696,-0.03931466117501259,0.6560778617858887,0.5930147171020508,-0.04188413545489311,5.772116100000005
0.6222266554832458,0.5229006409645081,0.0,0.6047718524932861,0.5338799357414246,-0.004072241485118866,0.5921358466148376,0.560070276260376,-0.009709315374493599,0.5828604102134705,0.5842585563659668,-0.014138131402432919,0.5732301473617554,0.5989831686019897,-0.01951262541115284,0.6011419892311096,0.544427752494812,-0.023070942610502243,0.5940989255905151,0.5665493011474609,-0.031676676124334335,0.5903082489967346,0.5855838656425476,-0.03549816831946373,0.5870736241340637,0.6029864549636841,-0.038295209407806396,0.6137242317199707,0.5518621802330017,-0.024984227493405342,0.6107104420661926,0.575364351272583,-0.03430051729083061,0.6089552044868469,0.5977166891098022,-0.03692946583032608,0.6074187159538269,0.6169923543930054,-0.039489179849624634,0.6250236630439758,0.5566822290420532,-0.025903666391968727,0.6266874074935913,0.5774897336959839,-0.03557874634861946,0.6250005960464478,0.5987498760223389,-0.03901510685682297,0.6228840351104736,0.6176736354827881,-0.04146473482251167,0.6347174048423767,0.5592603087425232,-0.026430832222104073,0.6452646851539612,0.5723633170127869,-0.03466115519404411,0.6514821648597717,0.5821791291236877,-0.0378725603222847,0.6556335091590881,0.5933569073677063,-0.04012054204940796,5.823173200000014
0.6225770711898804,0.5237373113632202,0.0,0.6045917272567749,0.5336299538612366,-0.004024853929877281,0.5917388200759888,0.5595521330833435,-0.009251832030713558,0.5827648043632507,0.583791196346283,-0.013383041135966778,0.57317715883255,0.5990098714828491,-0.01851934753358364,0.6014330983161926,0.5454356670379639,-0.02158537693321705,0.594395101070404,0.5687496066093445,-0.02953367494046688,0.5905866622924805,0.5870819687843323,-0.03299608454108238,0.5873161554336548,0.6042307019233704,-0.03567223250865936,0.6143214106559753,0.5536729097366333,-0.02366902492940426,0.6112715005874634,0.5780115127563477,-0.032422520220279694,0.6090121865272522,0.5986502766609192,-0.03518472611904144,0.6070958375930786,0.6168393492698669,-0.037922199815511703,0.6255942583084106,0.5589597225189209,-0.024853341281414032,0.6264232397079468,0.580342710018158,-0.03429515287280083,0.6246734261512756,0.6005151867866516,-0.038291577249765396,0.6226379871368408,0.6190885901451111,-0.04123956337571144,0.6348928213119507,0.5613788962364197,-0.02564803510904312,0.6449059844017029,0.5737454295158386,-0.03398728743195534,0.6516193747520447,0.5822285413742065,-0.0375315360724926,0.6565406322479248,0.5931864380836487,-0.04007747769355774,5.879825199999999
0.6232889294624329,0.5259172320365906,0.0,0.6049025058746338,0.5347043871879578,-0.0043047284707427025,0.5916920304298401,0.5596350431442261,-0.009808861650526524,0.582557201385498,0.5835933089256287,-0.014115685597062111,0.5725249648094177,0.5983388423919678,-0.01943434588611126,0.6016861796379089,0.5452713966369629,-0.02296299859881401,0.5946971774101257,0.5686655044555664,-0.031329091638326645,0.5909971594810486,0.5872691869735718,-0.03496512398123741,0.5880438089370728,0.6048188805580139,-0.03774226829409599,0.6146763563156128,0.5544089674949646,-0.02502710558474064,0.6114264726638794,0.5783038139343262,-0.03429508954286575,0.6090863943099976,0.598809003829956,-0.037206754088401794,0.6073347330093384,0.6170327663421631,-0.04003939777612686,0.6259521245956421,0.560520589351654,-0.026118500158190727,0.626164436340332,0.5814105272293091,-0.03597710281610489,0.6242947578430176,0.601252555847168,-0.040183305740356445,0.6223523616790771,0.6195991635322571,-0.043255534023046494,0.635114312171936,0.5636066794395447,-0.026810532435774803,0.644652783870697,0.5753078460693359,-0.03551400452852249,0.6514351963996887,0.5835480093955994,-0.03929080069065094,0.6566119194030762,0.5945094227790833,-0.041987981647253036,5.935642300000012
0.6227279901504517,0.5249940752983093,0.0,0.6048544049263,0.5349814295768738,-0.0034591122530400753,0.5916642546653748,0.5607619285583496,-0.008517879992723465,0.582261323928833,0.5849743485450745,-0.012543147429823875,0.5724137425422668,0.6002158522605896,-0.017554158344864845,0.6013654470443726,0.5444525480270386,-0.020887531340122223,0.5943230390548706,0.5675191879272461,-0.02853308618068695,0.5904144048690796,0.5862058401107788,-0.0318782664835453,0.586937665939331,0.6038637161254883,-0.034483250230550766,0.6140205264091492,0.5526536703109741,-0.023013893514871597,0.610740602016449,0.5771677494049072,-0.031241538003087044,0.608716607093811,0.5986677408218384,-0.03373856097459793,0.6070408821105957,0.6177026033401489,-0.03634588047862053,0.6252418756484985,0.5583701729774475,-0.024175390601158142,0.6263687014579773,0.5801715850830078,-0.03319178894162178,0.6248539686203003,0.6010294556617737,-0.03692767396569252,0.6230002641677856,0.6199498176574707,-0.03970111906528473,0.634765088558197,0.5617061257362366,-0.024894457310438156,0.6453490853309631,0.5748080015182495,-0.03283480927348137,0.6520044803619385,0.5839478373527527,-0.03621082380414009,0.6567478775978088,0.5948818325996399,-0.03865140303969383,5.994699999999995
0.6225966215133667,0.5252861380577087,0.0,0.604804515838623,0.5356253981590271,-0.004463646095246077,0.5916618704795837,0.5614731311798096,-0.009888533502817154,0.5821950435638428,0.585456132888794,-0.014148743823170662,0.5722281336784363,0.5999003648757935,-0.01945522427558899,0.6006072759628296,0.5474870800971985,-0.02216469869017601,0.5937452912330627,0.569378674030304,-0.030600473284721375,0.5898569822311401,0.5873527526855469,-0.03454367816448212,0.5863239765167236,0.6044288277626038,-0.03748860955238342,0.613377571105957,0.5557526350021362,-0.024036111310124397,0.6102233529090881,0.5790273547172546,-0.03282451257109642,0.608413815498352,0.6001524925231934,-0.035614848136901855,0.606648862361908,0.6189322471618652,-0.03843463584780693,0.6247757077217102,0.5607942342758179,-0.025092601776123047,0.6259370446205139,0.5814930200576782,-0.03447625786066055,0.6244795918464661,0.6017330288887024,-0.038405511528253555,0.6224715113639832,0.6204366683959961,-0.041346460580825806,0.6345601677894592,0.5627785325050354,-0.025840990245342255,0.6448056697845459,0.5751258134841919,-0.03417693451046944,0.6514472961425781,0.5839369893074036,-0.037729617208242416,0.656057596206665,0.59493488073349,-0.040273141115903854,6.052207900000013
0.6222423315048218,0.5247228741645813,0.0,0.6041056513786316,0.5347899198532104,-0.004037399776279926,0.5909999012947083,0.560819685459137,-0.00904972106218338,0.581739604473114,0.5849805474281311,-0.012962297536432743,0.5718836188316345,0.5997621417045593,-0.017844082787632942,0.6000521183013916,0.5473169684410095,-0.020855654031038284,0.5932586789131165,0.5706684589385986,-0.0286851953715086,0.5894653797149658,0.5888572931289673,-0.03217204660177231,0.5860123634338379,0.6058065891265869,-0.03483888879418373,0.6129353642463684,0.5558122396469116,-0.02281578816473484,0.6098647117614746,0.5800737142562866,-0.031086411327123642,0.6078847646713257,0.6004937291145325,-0.03357088193297386,0.6060095429420471,0.6183919906616211,-0.03616258502006531,0.6243865489959717,0.5612165331840515,-0.023983510211110115,0.6252654790878296,0.582611083984375,-0.03293902426958084,0.6237818598747253,0.6025694608688354,-0.036691971123218536,0.6218000650405884,0.6207453608512878,-0.03952987492084503,0.6340599656105042,0.5634011626243591,-0.024824287742376328,0.6442464590072632,0.5760546922683716,-0.03287285938858986,0.6509122252464294,0.5845389366149902,-0.03631868585944176,0.6555758714675903,0.5952849984169006,-0.03878660127520561,6.110362199999997
0.6222661137580872,0.525701642036438,0.0,0.6035876870155334,0.5359578728675842,-0.004240441136062145,0.5903784036636353,0.5611854195594788,-0.009872674942016602,0.5811648964881897,0.5851735472679138,-0.01424932386726141,0.5710001587867737,0.5998759269714355,-0.01965498924255371,0.5995892286300659,0.5466981530189514,-0.02334790863096714,0.593148410320282,0.5700080394744873,-0.03219229355454445,0.5894066691398621,0.589253842830658,-0.036291856318712234,0.5861034989356995,0.6072078347206116,-0.039303116500377655,0.6127917766571045,0.5554683208465576,-0.025351762771606445,0.609765350818634,0.5792525410652161,-0.034722860902547836,0.6078653335571289,0.6008346676826477,-0.03762500360608101,0.6062830090522766,0.6198575496673584,-0.040469974279403687,0.624347984790802,0.5610042214393616,-0.02642221935093403,0.6251817941665649,0.5818342566490173,-0.036421142518520355,0.6234643459320068,0.6027252078056335,-0.040575508028268814,0.6215404272079468,0.6217397451400757,-0.04355298727750778,0.6338801980018616,0.5633401870727539,-0.027079470455646515,0.6438620686531067,0.5755487680435181,-0.03581332415342331,0.6504870057106018,0.584331214427948,-0.039552509784698486,0.6553348302841187,0.5952844023704529,-0.042204275727272034,6.167202900000007
0.6212226152420044,0.525188684463501,0.0,0.603416919708252,0.5354876518249512,-0.004293773788958788,0.5904225707054138,0.5615507960319519,-0.009868165478110313,0.5810171365737915,0.5855273008346558,-0.014176280237734318,0.5712639689445496,0.6003668904304504,-0.019442226737737656,0.5992429256439209,0.5476401448249817,-0.022755146026611328,0.5926867723464966,0.5703759789466858,-0.0311786737293005,0.5887194871902466,0.5887553095817566,-0.03491559252142906,0.5850343704223633,0.6057453751564026,-0.037684712558984756,0.6119397878646851,0.5553750991821289,-0.024606723338365555,0.6090567708015442,0.579745888710022,-0.03373454511165619,0.6072889566421509,0.601622998714447,-0.036407437175512314,0.6056209802627563,0.6207273006439209,-0.0390305332839489,0.6233421564102173,0.5601382851600647,-0.025527559220790863,0.6248152852058411,0.5819069743156433,-0.03519456833600998,0.6231281757354736,0.6033269166946411,-0.03896176442503929,0.6209564208984375,0.622742235660553,-0.04167294129729271,0.632938027381897,0.5624479651451111,-0.026064155623316765,0.6435285806655884,0.575348973274231,-0.034350067377090454,0.649918258190155,0.5848023295402527,-0.03772847726941109,0.6541565656661987,0.5960620045661926,-0.04013272002339363,6.222620000000006
0.6212855577468872,0.5243797302246094,0.0,0.6031428575515747,0.5351601243019104,-0.0039211842231452465,0.5901594161987305,0.5615042448043823,-0.009309932589530945,0.5808646082878113,0.5856103897094727,-0.013590437360107899,0.5709989070892334,0.6004323959350586,-0.018900582566857338,0.5994431972503662,0.5476284623146057,-0.02207942120730877,0.5923758149147034,0.5713974237442017,-0.03049498051404953,0.5886116027832031,0.5900698304176331,-0.03428659960627556,0.5855420231819153,0.6066427230834961,-0.03710642829537392,0.6121297478675842,0.5555531978607178,-0.02427392452955246,0.6089737415313721,0.580713152885437,-0.03350622206926346,0.6069625020027161,0.601879894733429,-0.03650667518377304,0.605446994304657,0.6195313930511475,-0.03934015333652496,0.6234313249588013,0.5603628158569336,-0.025544341653585434,0.6244855523109436,0.5823962092399597,-0.03519701585173607,0.6226338148117065,0.6030195951461792,-0.039182212203741074,0.620500385761261,0.6213014721870422,-0.04212077334523201,0.632879912853241,0.5623955130577087,-0.026431366801261902,0.6431560516357422,0.575437605381012,-0.03486981242895126,0.6497486233711243,0.5843453407287598,-0.038403358310461044,0.6544005274772644,0.5951489806175232,-0.04093387722969055,6.27666339999999
0.6211503148078918,0.5258827209472656,0.0,0.6030085682868958,0.5356727242469788,-0.004194341599941254,0.5899979472160339,0.5614339709281921,-0.009533710777759552,0.5807726979255676,0.5855159759521484,-0.013709011487662792,0.5706539154052734,0.6001757979393005,-0.018966786563396454,0.5993505716323853,0.5470396876335144,-0.02223537303507328,0.5925614833831787,0.5703123211860657,-0.03056383691728115,0.5885803699493408,0.5890210270881653,-0.03438526764512062,0.5850329995155334,0.6065917611122131,-0.03726143017411232,0.6123046875,0.5557211637496948,-0.02419372648000717,0.6091147065162659,0.5799504518508911,-0.033030565828084946,0.6070202589035034,0.6011094450950623,-0.035869352519512177,0.605201244354248,0.6195472478866577,-0.0387151725590229,0.6235681176185608,0.5609049797058105,-0.025263335555791855,0.6242470741271973,0.5825164318084717,-0.03477935120463371,0.622538685798645,0.6028435826301575,-0.03896462172269821,0.6205717325210571,0.621444046497345,-0.04207151010632515,0.6329033970832825,0.5629811882972717,-0.02594817616045475,0.6428753733634949,0.5750738382339478,-0.03436661511659622,0.649644672870636,0.5835464596748352,-0.03808964788913727,0.6545972228050232,0.5942835807800293,-0.040784090757369995,6.330510900000007
0.6203439235687256,0.5255482792854309,0.0,0.6023731827735901,0.5365459322929382,-0.004180212505161762,0.5896437764167786,0.5623705983161926,-0.009785735048353672,0.5805949568748474,0.5864285230636597,-0.01415722444653511,0.5710142850875854,0.6012203693389893,-0.01954050175845623,0.5986233949661255,0.5467695593833923,-0.023143582046031952,0.5919674634933472,0.5693899989128113,-0.031858254224061966,0.5880351662635803,0.5884609818458557,-0.03584890440106392,0.5846011638641357,0.6057886481285095,-0.03877225145697594,0.6115099787712097,0.554758608341217,-0.025103576481342316,0.6087218523025513,0.5786592960357666,-0.034532368183135986,0.6066746711730957,0.6004598736763,-0.03746655210852623,0.6048796772956848,0.6188880801200867,-0.040272630751132965,0.622894823551178,0.5598593950271606,-0.026090772822499275,0.6241679787635803,0.581190288066864,-0.03605686128139496,0.6222671270370483,0.6022724509239197,-0.040086835622787476,0.6200122833251953,0.6209193468093872,-0.042950745671987534,0.6324405670166016,0.5623744130134583,-0.02665523625910282,0.6428051590919495,0.5747838020324707,-0.03521905466914177,0.6492851972579956,0.583652913570404,-0.03877072408795357,0.6537365913391113,0.5941920876502991,-0.041281912475824356,6.3842612999999915
0.6197922229766846,0.5250462889671326,0.0,0.6020944714546204,0.5360286235809326,-0.004970701411366463,0.5895388722419739,0.5619126558303833,-0.011134183965623379,0.5804893970489502,0.5858791470527649,-0.01587940938770771,0.5707612037658691,0.599784791469574,-0.02168002352118492,0.5984930396080017,0.5464913845062256,-0.025425635278224945,0.5918481349945068,0.5695852637290955,-0.035020362585783005,0.5879412293434143,0.5887039303779602,-0.039547838270664215,0.5848172903060913,0.6054580807685852,-0.04276437312364578,0.6112785935401917,0.5542379021644592,-0.027116097509860992,0.6085240244865417,0.5778570175170898,-0.03733940050005913,0.6066493988037109,0.5997874736785889,-0.04058883339166641,0.6051028370857239,0.6176055669784546,-0.04357700049877167,0.6226661801338196,0.5588021278381348,-0.027796613052487373,0.6242510676383972,0.5796653628349304,-0.03829093649983406,0.6224159598350525,0.6003828644752502,-0.04242192208766937,0.6201966404914856,0.6184076070785522,-0.04535359516739845,0.6325066089630127,0.5609570741653442,-0.02810080721974373,0.6430007219314575,0.573212206363678,-0.03706344589591026,0.6493836641311646,0.5825003385543823,-0.040802404284477234,0.6536363363265991,0.5934013724327087,-0.04344771429896355,6.4375234999999975
0.6196510195732117,0.5232565402984619,0.0,0.6020727753639221,0.5345112681388855,-0.004185121040791273,0.5892569422721863,0.5611442923545837,-0.009735890664160252,0.5800357460975647,0.5853961706161499,-0.014120319858193398,0.5701969861984253,0.5995193719863892,-0.019495390355587006,0.5982252955436707,0.5461882948875427,-0.02256869710981846,0.5915187001228333,0.5690200328826904,-0.03135351836681366,0.5876671671867371,0.5877013802528381,-0.03540817275643349,0.5843034386634827,0.6046662330627441,-0.03835190460085869,0.6108786463737488,0.5540977120399475,-0.024623064324259758,0.6081296801567078,0.5781857371330261,-0.03386503458023071,0.6061696410179138,0.5993032455444336,-0.036805830895900726,0.6043661832809448,0.6174321174621582,-0.039636239409446716,0.6222516298294067,0.5590343475341797,-0.02579624578356743,0.6235009431838989,0.5806963443756104,-0.03555142506957054,0.6218295097351074,0.6014059782028198,-0.03959044814109802,0.6196599006652832,0.6199358105659485,-0.04252222925424576,0.6318994164466858,0.5611968636512756,-0.0265877116471529,0.6423278450965881,0.5734649896621704,-0.03500718995928764,0.6488345861434937,0.5818039774894714,-0.0385269857943058,0.653282880783081,0.5920413732528687,-0.041041091084480286,6.492253900000009
0.6194943189620972,0.5230875611305237,0.0,0.6016606688499451,0.5344476103782654,-0.003926952835172415,0.5890055894851685,0.5609486699104309,-0.009326044470071793,0.5799542665481567,0.5850683450698853,-0.013474811799824238,0.5704018473625183,0.5998498797416687,-0.018620898947119713,0.5986580848693848,0.5452536344528198,-0.02310110628604889,0.5916451215744019,0.5685096383094788,-0.03152671083807945,0.5875930190086365,0.5875095725059509,-0.03517153859138489,0.5842795372009277,0.6045244932174683,-0.03788461163640022,0.611515998840332,0.5531112551689148,-0.025111081078648567,0.6085585951805115,0.5774925351142883,-0.034425586462020874,0.6062520146369934,0.5991218686103821,-0.03723067045211792,0.6046263575553894,0.6173874139785767,-0.039932865649461746,0.6228063702583313,0.5579605102539062,-0.026070471853017807,0.6238417625427246,0.5794118642807007,-0.03591030836105347,0.6215856671333313,0.600318193435669,-0.039875149726867676,0.6194390654563904,0.6188904047012329,-0.04270761087536812,0.6322863698005676,0.5602892637252808,-0.026576954871416092,0.642473578453064,0.572909414768219,-0.03513568267226219,0.6489489674568176,0.5819306969642639,-0.03877541422843933,0.6537966132164001,0.5926954746246338,-0.041343770921230316,6.543071499999996
0.620131254196167,0.5237072706222534,0.0,0.6016678810119629,0.5341227054595947,-0.0036392936017364264,0.5887631177902222,0.5599762797355652,-0.008878774009644985,0.5797719955444336,0.584256112575531,-0.01301876362413168,0.5697609186172485,0.5988925695419312,-0.01812083087861538,0.5986443161964417,0.5442168116569519,-0.022006399929523468,0.5917847156524658,0.5686780214309692,-0.029976818710565567,0.5880715250968933,0.5878238677978516,-0.03331880643963814,0.5850148797035217,0.6049829721450806,-0.03589203208684921,0.6115365624427795,0.5523471236228943,-0.02427782118320465,0.6084277033805847,0.5777314901351929,-0.033050380647182465,0.6060362458229065,0.5994586944580078,-0.03578296676278114,0.6042988300323486,0.618114709854126,-0.038533084094524384,0.6230155229568481,0.55790114402771,-0.025521406903862953,0.6235060095787048,0.5797931551933289,-0.03481217846274376,0.6214494109153748,0.6007627248764038,-0.038793645799160004,0.6193965077400208,0.6195208430290222,-0.04179232940077782,0.6325575113296509,0.5607893466949463,-0.026332508772611618,0.6422244310379028,0.5732619762420654,-0.03452884778380394,0.6486631631851196,0.5820485353469849,-0.03811948373913765,0.6536117196083069,0.592852771282196,-0.04074665158987045,6.594244500000002
0.6191666722297668,0.522920548915863,0.0,0.6012800931930542,0.5340966582298279,-0.0038049896247684956,0.5886697173118591,0.5604616403579712,-0.009243062697350979,0.5796604156494141,0.584595263004303,-0.013575942255556583,0.5699394345283508,0.5991594195365906,-0.0188292283564806,0.5981985330581665,0.5454410314559937,-0.022219618782401085,0.591725766658783,0.5678402185440063,-0.030568689107894897,0.5879428386688232,0.5863627195358276,-0.03418179973959923,0.5844827890396118,0.6036462783813477,-0.03686099871993065,0.6110562086105347,0.5533370971679688,-0.024337317794561386,0.6084482073783875,0.5764898061752319,-0.03340793028473854,0.606158435344696,0.5977895259857178,-0.035976964980363846,0.6040898561477661,0.6166808605194092,-0.038499243557453156,0.6224304437637329,0.55828458070755,-0.025491883978247643,0.623789370059967,0.5788707733154297,-0.03497885540127754,0.6219109296798706,0.5992437601089478,-0.038477372378110886,0.6196505427360535,0.6175262331962585,-0.04098508879542351,0.6319050788879395,0.560638427734375,-0.02625151164829731,0.6422955393791199,0.5727921724319458,-0.03433791920542717,0.648611307144165,0.581634521484375,-0.03753272444009781,0.6530126333236694,0.5921878814697266,-0.03978481888771057,6.644166100000007
0.6197654008865356,0.523095428943634,0.0,0.6013489961624146,0.5341204404830933,-0.0036600667517632246,0.5884945392608643,0.5606842637062073,-0.008791271597146988,0.579576849937439,0.584955632686615,-0.012836294248700142,0.5698454976081848,0.600034773349762,-0.017804089933633804,0.5981671214103699,0.5454134941101074,-0.021613487973809242,0.5914495587348938,0.5687702298164368,-0.029560841619968414,0.5878947973251343,0.5871100425720215,-0.03291025385260582,0.584955632686615,0.603865385055542,-0.03546515852212906,0.6110655069351196,0.5534080266952515,-0.023817865177989006,0.6083546280860901,0.5778436660766602,-0.03242526575922966,0.6061668395996094,0.5986056923866272,-0.035034097731113434,0.6045507192611694,0.6167298555374146,-0.03769080340862274,0.6224614381790161,0.5585681200027466,-0.025059659034013748,0.6232256889343262,0.5800283551216125,-0.03412698954343796,0.6214261054992676,0.6003439426422119,-0.03798751160502434,0.6196468472480774,0.6187257766723633,-0.04091661050915718,0.6318455338478088,0.5606940984725952,-0.025904901325702667,0.6414763927459717,0.5730175971984863,-0.033966537564992905,0.6480289697647095,0.5817015767097473,-0.03752152994275093,0.6532580852508545,0.5925948023796082,-0.040114857256412506,6.694906300000014
0.6191444396972656,0.523573100566864,0.0,0.6012269854545593,0.535300076007843,-0.004596737679094076,0.5886856317520142,0.5612087249755859,-0.010871189646422863,0.5795665979385376,0.5852395296096802,-0.015844985842704773,0.5700207948684692,0.600334882736206,-0.02187902294099331,0.5979741215705872,0.5455565452575684,-0.02572089061141014,0.5907954573631287,0.5682787299156189,-0.03561471775174141,0.5872012972831726,0.5875409841537476,-0.040185339748859406,0.5845339894294739,0.6047261953353882,-0.04340343549847603,0.6108168363571167,0.5531173348426819,-0.027782777324318886,0.6079322099685669,0.5764524936676025,-0.03858103230595589,0.6060454249382019,0.5986634492874146,-0.04191188886761665,0.6045958399772644,0.6171965599060059,-0.04488605633378029,0.6220970153808594,0.5573985576629639,-0.02878018096089363,0.6232383251190186,0.5784605741500854,-0.039840616285800934,0.6214969754219055,0.5995153188705444,-0.04389803111553192,0.6195729374885559,0.6178396344184875,-0.046674586832523346,0.6314822435379028,0.5591785311698914,-0.02933499962091446,0.6417000889778137,0.5715792775154114,-0.03866012394428253,0.6481860876083374,0.580513596534729,-0.042273059487342834,0.6528158187866211,0.5908986330032349,-0.044755034148693085,6.74544929999999
0.6188248991966248,0.523743212223053,0.0,0.6010480523109436,0.5347052812576294,-0.004863556940108538,0.5885968208312988,0.560718834400177,-0.01111006923019886,0.5795078873634338,0.5851805806159973,-0.015885742381215096,0.5700394511222839,0.6004160642623901,-0.021656733006238937,0.5982720851898193,0.5444034337997437,-0.026077860966324806,0.5911047458648682,0.5675776600837708,-0.03564707189798355,0.5873020887374878,0.5869074463844299,-0.0398157499730587,0.5842699408531189,0.6042495965957642,-0.04274217039346695,0.6111547946929932,0.5521456599235535,-0.027740562334656715,0.6080465912818909,0.5761473774909973,-0.03816196322441101,0.6059818267822266,0.5985903143882751,-0.041092872619628906,0.6043314933776855,0.6173946857452393,-0.04376981407403946,0.6224366426467896,0.5569361448287964,-0.028293607756495476,0.6235230565071106,0.5782874822616577,-0.039077550172805786,0.6216495633125305,0.5995059013366699,-0.04289795085787773,0.6195024251937866,0.6183186173439026,-0.045464131981134415,0.6318031549453735,0.5593840479850769,-0.028386276215314865,0.6422404050827026,0.5721228718757629,-0.03740708902478218,0.6486178636550903,0.5809813737869263,-0.04085049405694008,0.6529502272605896,0.5914177298545837,-0.0431952103972435,6.798605199999997
0.6198468208312988,0.5249146223068237,0.0,0.6016391515731812,0.5349422693252563,-0.0038183622527867556,0.5887038707733154,0.5607372522354126,-0.009289287962019444,0.5795129537582397,0.5851163268089294,-0.013595109805464745,0.5698673725128174,0.6006065607070923,-0.01882610283792019,0.5987897515296936,0.5438713431358337,-0.023004453629255295,0.5913838744163513,0.5684168934822083,-0.03118390403687954,0.5875988602638245,0.5877221822738647,-0.03443891182541847,0.5845292210578918,0.6048102378845215,-0.036894526332616806,0.611506462097168,0.5517052412033081,-0.025143733248114586,0.6082974672317505,0.5780214071273804,-0.034345872700214386,0.6061172485351562,0.6001168489456177,-0.03688139095902443,0.6044634580612183,0.6187227368354797,-0.03937822952866554,0.6227176189422607,0.5570825338363647,-0.02617325447499752,0.6235964298248291,0.5801414847373962,-0.035758957266807556,0.6218253374099731,0.6010800004005432,-0.039259593933820724,0.6199690103530884,0.6193492412567139,-0.04181557148694992,0.6319798827171326,0.5601279735565186,-0.026765236631035805,0.6421728134155273,0.57340008020401,-0.034994181245565414,0.6488500237464905,0.58241868019104,-0.03824709728360176,0.6537773013114929,0.5929837226867676,-0.04055481404066086,6.846817899999991
0.6182255148887634,0.5227949023246765,0.0,0.600896954536438,0.5352582931518555,-0.0036693771835416555,0.5885378122329712,0.5621317028999329,-0.008979519829154015,0.5795632600784302,0.5863008499145508,-0.013159491121768951,0.5705676078796387,0.6014338731765747,-0.01831969805061817,0.5975385308265686,0.5458273887634277,-0.022287646308541298,0.5905795097351074,0.5683881640434265,-0.030476022511720657,0.5868969559669495,0.5871593356132507,-0.034034594893455505,0.5836945176124573,0.6039401888847351,-0.0366906002163887,0.6099334955215454,0.5520075559616089,-0.024331670254468918,0.6072126626968384,0.5758846998214722,-0.03339429944753647,0.6056938767433167,0.5986564755439758,-0.0360676646232605,0.6043490767478943,0.6179371476173401,-0.03868410736322403,0.6210905909538269,0.5558544397354126,-0.02534041367471218,0.6230440139770508,0.576758086681366,-0.03485334292054176,0.6214920282363892,0.598173975944519,-0.038396913558244705,0.6194981336593628,0.6169058680534363,-0.0409526601433754,0.6307279467582703,0.5578277707099915,-0.025931186974048615,0.6414178013801575,0.5706809163093567,-0.03404419496655464,0.6477739214897156,0.580679714679718,-0.03734051436185837,0.6520993709564209,0.5916449427604675,-0.039707381278276443,6.898619800000006
0.6186622381210327,0.5241661667823792,0.0,0.6012887954711914,0.5352855920791626,-0.005618246737867594,0.5890033841133118,0.5608634948730469,-0.012333426624536514,0.5800558924674988,0.5851525664329529,-0.01737711764872074,0.5712727904319763,0.6005485653877258,-0.023489415645599365,0.5984359383583069,0.5446591377258301,-0.028135109692811966,0.5905418395996094,0.5679569244384766,-0.03822517395019531,0.5860691666603088,0.5868496894836426,-0.04269938915967941,0.5827059745788574,0.6034623980522156,-0.04582259804010391,0.6111739873886108,0.5526770949363708,-0.029450248926877975,0.6077584028244019,0.5767794251441956,-0.040481824427843094,0.6053847074508667,0.5992733836174011,-0.04371996223926544,0.6036972403526306,0.6175512075424194,-0.046594422310590744,0.6222630143165588,0.5573382377624512,-0.029598824679851532,0.6232209801673889,0.578870952129364,-0.040940117090940475,0.6210368275642395,0.6001739501953125,-0.04514187574386597,0.6188642978668213,0.6186580061912537,-0.04794977232813835,0.6315231323242188,0.5598523020744324,-0.0292865838855505,0.6417391896247864,0.572563648223877,-0.038904983550310135,0.6480188369750977,0.5815754532814026,-0.04272769019007683,0.6524652242660522,0.5920058488845825,-0.04531323164701462,6.948462599999999
0.6190615892410278,0.5234664678573608,0.0,0.601176917552948,0.5345711708068848,-0.004332981072366238,0.5885118842124939,0.5607537627220154,-0.009839296340942383,0.5797850489616394,0.5851392149925232,-0.014153643511235714,0.5706101059913635,0.6005213856697083,-0.019493844360113144,0.5978989005088806,0.5461956262588501,-0.023048914968967438,0.5908422470092773,0.5694448947906494,-0.03174620121717453,0.5868364572525024,0.5875149369239807,-0.035621415823698044,0.5833656787872314,0.6041619777679443,-0.03847215324640274,0.6108222007751465,0.553703784942627,-0.025096576660871506,0.6077040433883667,0.578308641910553,-0.03474268689751625,0.6056172847747803,0.5991461873054504,-0.03780684992671013,0.6038963794708252,0.61687171459198,-0.04061597213149071,0.6221964359283447,0.5582417249679565,-0.026213403791189194,0.6227344870567322,0.580752432346344,-0.036461617797613144,0.6211210489273071,0.6013440489768982,-0.0406874418258667,0.6192486882209778,0.619816780090332,-0.04361908882856369,0.6317253112792969,0.5601758360862732,-0.026913302019238472,0.641466498374939,0.5733984112739563,-0.03585786744952202,0.6481385827064514,0.5824084877967834,-0.0396125502884388,0.6530410051345825,0.5933070778846741,-0.042193640023469925,6.999196100000006
0.6196982860565186,0.5228865742683411,0.0,0.6018114686012268,0.5340776443481445,-0.004662530962377787,0.5888622999191284,0.5604208707809448,-0.010596482083201408,0.5796292424201965,0.5847740173339844,-0.01509170327335596,0.5702487230300903,0.599701464176178,-0.020571507513523102,0.5983251929283142,0.5450440049171448,-0.025047047063708305,0.5903216004371643,0.5677424669265747,-0.03424851596355438,0.5858290195465088,0.5861331820487976,-0.03830825537443161,0.5822685956954956,0.6022118926048279,-0.0412508063018322,0.6110745072364807,0.5531193614006042,-0.026848159730434418,0.6075029969215393,0.5773972272872925,-0.03707202151417732,0.6053343415260315,0.5989378094673157,-0.04028571769595146,0.6039643287658691,0.6166188716888428,-0.043204471468925476,0.6222710013389587,0.5581023693084717,-0.027578555047512054,0.6228370666503906,0.5794538855552673,-0.03814849629998207,0.6208586692810059,0.6008749008178711,-0.04250293970108032,0.6189402341842651,0.6198400855064392,-0.04554028809070587,0.6314743757247925,0.5604974031448364,-0.027863677591085434,0.6411330699920654,0.572869062423706,-0.03697030618786812,0.6476836204528809,0.5817021727561951,-0.04091193526983261,0.6525725722312927,0.5924087762832642,-0.04366923123598099,7.050499000000002
0.6185848712921143,0.52182936668396,0.0,0.6011959314346313,0.5333171486854553,-0.0038962983526289463,0.5887054800987244,0.5600075125694275,-0.009269985370337963,0.5797703862190247,0.5844933986663818,-0.013543397188186646,0.5708599090576172,0.5998887419700623,-0.018824860453605652,0.597727358341217,0.5455769300460815,-0.022331735119223595,0.5903353691101074,0.5684992074966431,-0.030709421262145042,0.5862193703651428,0.5864875316619873,-0.034338872879743576,0.5826674103736877,0.6030574440956116,-0.037060320377349854,0.610370934009552,0.5523602366447449,-0.024582156911492348,0.607235848903656,0.5771952867507935,-0.03397591784596443,0.6052398681640625,0.5985321998596191,-0.036866217851638794,0.6034931540489197,0.6167119741439819,-0.03956221416592598,0.6217315793037415,0.5564889311790466,-0.025869861245155334,0.622641384601593,0.5787973999977112,-0.035840004682540894,0.6208127737045288,0.5996445417404175,-0.039722997695207596,0.618611216545105,0.6183599829673767,-0.04246028885245323,0.6313121914863586,0.5583096146583557,-0.026731230318546295,0.6413358449935913,0.5717132091522217,-0.0353640578687191,0.6477170586585999,0.5807576179504395,-0.03879604861140251,0.6522108316421509,0.5914877653121948,-0.04117561876773834,7.104920600000014
0.6188156008720398,0.5226701498031616,0.0,0.6012015342712402,0.5335422158241272,-0.003569406922906637,0.588333249092102,0.5597478151321411,-0.00876993965357542,0.5793380737304688,0.5839366912841797,-0.012870230711996555,0.5700787305831909,0.5990180373191833,-0.01789558306336403,0.597740650177002,0.5436793565750122,-0.021873069927096367,0.5902029275894165,0.5670251846313477,-0.029767083004117012,0.5859381556510925,0.5857107043266296,-0.03304527327418327,0.582173764705658,0.602774977684021,-0.035556573420763016,0.6104047298431396,0.5508413910865784,-0.024083543568849564,0.6071833968162537,0.5760585069656372,-0.0329592302441597,0.6050843596458435,0.5976191759109497,-0.03553495928645134,0.6034973859786987,0.6160799860954285,-0.03806193172931671,0.6218153238296509,0.5558257102966309,-0.02524675987660885,0.6225312352180481,0.5782768726348877,-0.03454066067934036,0.6205946803092957,0.5993536114692688,-0.03810514882206917,0.6186320781707764,0.6180241703987122,-0.040734823793172836,0.6313522458076477,0.5585396885871887,-0.025982877239584923,0.6409317851066589,0.5718834400177002,-0.03395270183682442,0.647313117980957,0.5812482833862305,-0.03720393404364586,0.6522156596183777,0.5920498371124268,-0.03955777361989021,7.159587299999998
0.6181811690330505,0.5232102274894714,0.0,0.6006736159324646,0.5343337655067444,-0.004359977785497904,0.5883550643920898,0.5605501532554626,-0.010294096544384956,0.5792806148529053,0.5846033096313477,-0.014968127943575382,0.570145845413208,0.5996284484863281,-0.02071608603000641,0.5974658131599426,0.5448563098907471,-0.024550387635827065,0.5902342200279236,0.5674833059310913,-0.033673565834760666,0.5857311487197876,0.5859758257865906,-0.037791699171066284,0.5818398594856262,0.6028794050216675,-0.04078621044754982,0.6101490259170532,0.5520347356796265,-0.026534661650657654,0.6072492003440857,0.5766855478286743,-0.03652098774909973,0.6050281524658203,0.5985544323921204,-0.03954078257083893,0.6031145453453064,0.6168991327285767,-0.04232382774353027,0.6214088797569275,0.5562922954559326,-0.027441805228590965,0.6227818131446838,0.5784708857536316,-0.037842750549316406,0.6208314895629883,0.5992764234542847,-0.04168109968304634,0.6185628175735474,0.6177412271499634,-0.04435209184885025,0.6308717131614685,0.558340847492218,-0.02790122851729393,0.6412382125854492,0.5715829133987427,-0.03671949356794357,0.6475985646247864,0.5805529356002808,-0.04009868949651718,0.6520659923553467,0.5910281538963318,-0.04243633896112442,7.210217499999999
0.6177577972412109,0.5220611095428467,0.0,0.6001843214035034,0.5334817171096802,-0.003549896879121661,0.5875778198242188,0.5604515075683594,-0.008501237258315086,0.5786618590354919,0.5844463109970093,-0.012360633350908756,0.5696398615837097,0.5995197892189026,-0.017103098332881927,0.596996009349823,0.5452817678451538,-0.021065786480903625,0.5900771021842957,0.5673104524612427,-0.028939519077539444,0.5861644148826599,0.5851185321807861,-0.032183751463890076,0.5826665759086609,0.6013789176940918,-0.03457862138748169,0.6096380949020386,0.5521665811538696,-0.023094838485121727,0.607237696647644,0.5762302279472351,-0.03176920861005783,0.6053451895713806,0.5975508689880371,-0.034226857125759125,0.6038514971733093,0.6157137155532837,-0.03661522641777992,0.621004045009613,0.5561142563819885,-0.0241737961769104,0.6223949790000916,0.5775548219680786,-0.03348485007882118,0.6204853653907776,0.5982895493507385,-0.037039779126644135,0.618559718132019,0.6166436672210693,-0.03950768709182739,0.6305515766143799,0.557864248752594,-0.024832844734191895,0.6407140493392944,0.5696247220039368,-0.03280417621135712,0.646813154220581,0.5782859921455383,-0.03607764467597008,0.6513097286224365,0.5885651111602783,-0.03834725171327591,7.263760300000001
0.618675708770752,0.5225875973701477,0.0,0.6007412672042847,0.533172607421875,-0.0038445759564638138,0.5878140926361084,0.5599588751792908,-0.009057192131876945,0.5786122679710388,0.5842536091804504,-0.013186967000365257,0.5690534114837646,0.5996388792991638,-0.018258122727274895,0.5972937941551208,0.544911801815033,-0.021461063995957375,0.5901618003845215,0.5672607421875,-0.029586587101221085,0.5863126516342163,0.5850902199745178,-0.03311179578304291,0.5830153226852417,0.601182758808136,-0.03576764464378357,0.6099401116371155,0.5518624186515808,-0.023663818836212158,0.6069555878639221,0.5763244032859802,-0.03272794932126999,0.6047977209091187,0.596645176410675,-0.03563744202256203,0.6032037734985352,0.6138783097267151,-0.03835979104042053,0.6212298274040222,0.5561673641204834,-0.0249397624284029,0.6219906806945801,0.5779066681861877,-0.03445236384868622,0.6200233697891235,0.5982412099838257,-0.03831949457526207,0.6179590225219727,0.6164035201072693,-0.0411209911108017,0.6305481195449829,0.5578905940055847,-0.025831393897533417,0.6401779651641846,0.5705457925796509,-0.0341690331697464,0.6465331315994263,0.5791292786598206,-0.03767843917012215,0.6513441205024719,0.5896503329277039,-0.04014651104807854,7.315240700000004
0.6170823574066162,0.5207599401473999,0.0,0.5999922752380371,0.5326615571975708,-0.0039690276607871056,0.5878530740737915,0.560440719127655,-0.009256146848201752,0.5788639187812805,0.5845681428909302,-0.013393844477832317,0.5699508190155029,0.5988863110542297,-0.0184356439858675,0.5967140197753906,0.5447691082954407,-0.021841900423169136,0.5897800326347351,0.5666235089302063,-0.02981928177177906,0.5859190225601196,0.584282398223877,-0.033119574189186096,0.5824413895606995,0.6002852320671082,-0.035573169589042664,0.6090412735939026,0.5505359172821045,-0.023693151772022247,0.6063804030418396,0.5743489265441895,-0.03268701210618019,0.6045559644699097,0.5958912372589111,-0.03516871854662895,0.6029130816459656,0.6144055128097534,-0.037513185292482376,0.6202715635299683,0.5539491772651672,-0.024582812562584877,0.6217707991600037,0.5752448439598083,-0.03395373374223709,0.6199803948402405,0.5961058139801025,-0.037161972373723984,0.6178370118141174,0.6144615411758423,-0.03940344601869583,0.6298918128013611,0.5556023120880127,-0.025112388655543327,0.6397899985313416,0.5687553882598877,-0.03312451019883156,0.6456988453865051,0.5784610509872437,-0.03615818917751312,0.6498544812202454,0.5893551707267761,-0.03822396695613861,7.368772000000007
0.6179890036582947,0.5205562114715576,0.0,0.6006386876106262,0.531210720539093,-0.004557478707283735,0.5881123542785645,0.5578047037124634,-0.010293734259903431,0.5792186260223389,0.5828160643577576,-0.014696565456688404,0.5705581903457642,0.5976051688194275,-0.02010870911180973,0.5977996587753296,0.5423983335494995,-0.024586280807852745,0.5894283652305603,0.5656577348709106,-0.033340904861688614,0.5849043130874634,0.5836485028266907,-0.03688956797122955,0.5813724398612976,0.599453866481781,-0.039510589092969894,0.6102001070976257,0.5496456623077393,-0.026430349797010422,0.6069903373718262,0.5742238759994507,-0.0365389883518219,0.6047518253326416,0.595915675163269,-0.039386291056871414,0.6031746864318848,0.6137164831161499,-0.041948843747377396,0.6211028695106506,0.5539325475692749,-0.027196045964956284,0.6220841407775879,0.5755217671394348,-0.037548404186964035,0.6199857592582703,0.5964955687522888,-0.04127141833305359,0.6178768277168274,0.6147273778915405,-0.043862827122211456,0.6303197145462036,0.556045651435852,-0.0275689959526062,0.6400167346000671,0.5692122578620911,-0.03656036779284477,0.6462653875350952,0.5783206820487976,-0.04012669250369072,0.6509425044059753,0.5886647701263428,-0.04253619536757469,7.421011899999996
0.6174517273902893,0.5197800993919373,0.0,0.6000886559486389,0.5307397842407227,-0.00409418111667037,0.587688684463501,0.5569854974746704,-0.00981286820024252,0.5788082480430603,0.5814520716667175,-0.014307927340269089,0.5699643492698669,0.5967883467674255,-0.019790152087807655,0.5971078872680664,0.5419899225234985,-0.02400868944823742,0.5894550681114197,0.5640215277671814,-0.03294488042593002,0.585282564163208,0.5818104147911072,-0.03672672435641289,0.581841766834259,0.5979979634284973,-0.039460521191358566,0.6097056865692139,0.5489867925643921,-0.026122553274035454,0.6066207885742188,0.5733688473701477,-0.03623548522591591,0.6046902537345886,0.5948285460472107,-0.03914342820644379,0.6033412218093872,0.6129817366600037,-0.04171661660075188,0.6208241581916809,0.5530582666397095,-0.027157418429851532,0.6218134760856628,0.5747770071029663,-0.03763763606548309,0.6199538707733154,0.595818281173706,-0.04136972874403,0.6180617809295654,0.6143561005592346,-0.04386244714260101,0.6301349401473999,0.5548659563064575,-0.02774195373058319,0.6402462720870972,0.5673993229866028,-0.03664832189679146,0.6465919017791748,0.5762546062469482,-0.040057118982076645,0.6512730717658997,0.586618959903717,-0.04232548177242279,7.47068809999999
0.6179850697517395,0.5194514989852905,0.0,0.6001964211463928,0.5312142372131348,-0.003106112126260996,0.5874162912368774,0.5580436587333679,-0.00800031516700983,0.5783048868179321,0.5818948745727539,-0.011904926039278507,0.5694366097450256,0.5972951650619507,-0.016755707561969757,0.596545934677124,0.5432186126708984,-0.020784275606274605,0.589406430721283,0.5650243163108826,-0.028497379273176193,0.585198700428009,0.5824596285820007,-0.03178997337818146,0.5813797116279602,0.5986854434013367,-0.03433563932776451,0.609230101108551,0.5494575500488281,-0.023194849491119385,0.606259286403656,0.5728518962860107,-0.03212364763021469,0.6040909886360168,0.5934877991676331,-0.034924399107694626,0.6024548411369324,0.611537516117096,-0.037545353174209595,0.6205595135688782,0.5532073974609375,-0.02458249405026436,0.6211494207382202,0.5738914608955383,-0.034229107201099396,0.6191859245300293,0.5945067405700684,-0.038052964955568314,0.6171550154685974,0.6129782795906067,-0.04068839177489281,0.6300788521766663,0.5548070669174194,-0.0254842359572649,0.639543354511261,0.5670761466026306,-0.03385722637176514,0.6458287239074707,0.5759300589561462,-0.03729458525776863,0.6506420373916626,0.5864079594612122,-0.03965144231915474,7.521222899999998
0.6171731352806091,0.5188044309616089,0.0,0.5998919010162354,0.5305101871490479,-0.004782892297953367,0.5876443386077881,0.5574443340301514,-0.011195109225809574,0.5789235234260559,0.5823819041252136,-0.01616293005645275,0.570685863494873,0.598063051700592,-0.022178398445248604,0.5967440605163574,0.5422738790512085,-0.026478363201022148,0.5894734263420105,0.564697265625,-0.036307793110609055,0.5847727656364441,0.583195149898529,-0.04079727083444595,0.580926775932312,0.5994206666946411,-0.04398674517869949,0.6092488765716553,0.5494798421859741,-0.028234289959073067,0.6064075827598572,0.5722551941871643,-0.039317820221185684,0.6038288474082947,0.5943184494972229,-0.04271566867828369,0.6020373106002808,0.6124370098114014,-0.04562235251069069,0.620300829410553,0.5533289313316345,-0.028820935636758804,0.6217901110649109,0.57364821434021,-0.0400707870721817,0.6192631721496582,0.5945243835449219,-0.04401198402047157,0.6169127821922302,0.6126564145088196,-0.046594344079494476,0.6297061443328857,0.5552313327789307,-0.028945984318852425,0.6398433446884155,0.5680294632911682,-0.03833693265914917,0.6457923054695129,0.5772145390510559,-0.0419042631983757,0.6502135992050171,0.5874355435371399,-0.04428008943796158,7.573965299999998
0.6179313063621521,0.5201979875564575,0.0,0.6002687215805054,0.5310608148574829,-0.003172339638695121,0.5874803066253662,0.5570961236953735,-0.008432028815150261,0.578500509262085,0.5810827016830444,-0.012750852853059769,0.5696752667427063,0.5966518521308899,-0.018002796918153763,0.5969125032424927,0.5417719483375549,-0.02156038023531437,0.589131236076355,0.5647935271263123,-0.029537895694375038,0.5848576426506042,0.5835121273994446,-0.03281773254275322,0.5812997817993164,0.5999795794487,-0.03533157333731651,0.6091799139976501,0.5482301115989685,-0.02416251040995121,0.6058312058448792,0.5728741884231567,-0.03344542905688286,0.603574812412262,0.5945124626159668,-0.03614303097128868,0.602114200592041,0.6128323078155518,-0.0386393778026104,0.6204227805137634,0.552479088306427,-0.025684060528874397,0.620890200138092,0.5742865204811096,-0.03513193503022194,0.6188374757766724,0.5954951643943787,-0.038356538861989975,0.616986095905304,0.613858163356781,-0.0407397523522377,0.6299139857292175,0.5545994639396667,-0.02680317312479019,0.6390142440795898,0.5675740242004395,-0.03488476574420929,0.6451056599617004,0.5773388743400574,-0.03789515420794487,0.6499555110931396,0.5882580876350403,-0.040029577910900116,7.634911200000005
0.6176891922950745,0.5189089179039001,0.0,0.6003806591033936,0.530613362789154,-0.005667477380484343,0.5880177021026611,0.5568028092384338,-0.012813393957912922,0.5789859294891357,0.5815967321395874,-0.018151581287384033,0.5710354447364807,0.5982203483581543,-0.0245809368789196,0.5965551733970642,0.5419773459434509,-0.029871897771954536,0.588580846786499,0.563490629196167,-0.04113209247589111,0.5834270119667053,0.5826044082641602,-0.04648371413350105,0.5794803500175476,0.598548412322998,-0.050067175179719925,0.6089028716087341,0.5495491623878479,-0.03100026398897171,0.6057533025741577,0.5720019936561584,-0.04360547289252281,0.6034882068634033,0.5956199169158936,-0.047561079263687134,0.6020796895027161,0.614275336265564,-0.05068523436784744,0.619779109954834,0.5533862709999084,-0.030875399708747864,0.6214874386787415,0.5734059810638428,-0.04375944286584854,0.6192592978477478,0.5960118770599365,-0.04845772683620453,0.6173200607299805,0.6152067184448242,-0.05117788538336754,0.6292899250984192,0.5556111335754395,-0.030187301337718964,0.6391069889068604,0.5681121945381165,-0.04076952114701271,0.6448941826820374,0.5781593322753906,-0.045029446482658386,0.6491643786430359,0.5888282656669617,-0.04772588983178139,7.6848573999999985
0.6169565916061401,0.5193063020706177,0.0,0.6000025868415833,0.5302335023880005,-0.004210061859339476,0.5879977941513062,0.5564272999763489,-0.009852387011051178,0.579648494720459,0.5813576579093933,-0.01426533330231905,0.5717527866363525,0.5982723236083984,-0.019695928320288658,0.5966229438781738,0.5416738390922546,-0.02336844429373741,0.5891449451446533,0.5651777386665344,-0.03175725042819977,0.5846107006072998,0.5831637978553772,-0.03533480688929558,0.5807490348815918,0.5995171070098877,-0.038018811494112015,0.6090371012687683,0.5487585067749023,-0.025239963084459305,0.6056444048881531,0.5740533471107483,-0.03472435846924782,0.6034888625144958,0.5958417654037476,-0.03748204559087753,0.601851224899292,0.6140138506889343,-0.04001491889357567,0.6201016306877136,0.5528870820999146,-0.026061272248625755,0.6210353374481201,0.5753129720687866,-0.035938214510679245,0.6191032528877258,0.5961738228797913,-0.03946029767394066,0.6171081066131592,0.6144528985023499,-0.04194477200508118,0.6295742988586426,0.5549535155296326,-0.02647128887474537,0.6395092010498047,0.5682902336120605,-0.03490815311670303,0.6457597017288208,0.5774603486061096,-0.038094040006399155,0.6502817273139954,0.5879002213478088,-0.04029054194688797,7.7345715000000155
0.6178719401359558,0.5202231407165527,0.0,0.6004300117492676,0.5318408608436584,-0.004723708610981703,0.5880247354507446,0.5572296977043152,-0.011248599737882614,0.5797008275985718,0.5811750888824463,-0.016346460208296776,0.5721320509910583,0.5975694060325623,-0.02254895120859146,0.5970286726951599,0.5417518615722656,-0.02665754407644272,0.5886020064353943,0.5649638772010803,-0.03661591559648514,0.5835966467857361,0.5838289260864258,-0.04130316153168678,0.5797586441040039,0.5998753309249878,-0.044604502618312836,0.6094021797180176,0.5491948127746582,-0.028534704819321632,0.6050044298171997,0.5728752613067627,-0.039708830416202545,0.6024279594421387,0.5949413180351257,-0.043455131351947784,0.6009896993637085,0.6128144264221191,-0.046588726341724396,0.6203920841217041,0.5539418458938599,-0.029229553416371346,0.619892418384552,0.5746133327484131,-0.040565427392721176,0.6174454689025879,0.5963965654373169,-0.045076269656419754,0.6154809594154358,0.6152245402336121,-0.04811694845557213,0.629689633846283,0.5567817091941833,-0.029430819675326347,0.6381323933601379,0.569039523601532,-0.038946397602558136,0.6441397666931152,0.5783544778823853,-0.04282604157924652,0.6489487290382385,0.5888256430625916,-0.045522768050432205,7.785259800000006
0.6183383464813232,0.5217966437339783,0.0,0.601286768913269,0.5319587588310242,-0.004372209310531616,0.5890297293663025,0.5569239258766174,-0.010358075611293316,0.580790638923645,0.5817457437515259,-0.015036231838166714,0.5739848017692566,0.5993082523345947,-0.02079024165868759,0.597427248954773,0.5432152152061462,-0.024815063923597336,0.5884932279586792,0.566280722618103,-0.0338151641190052,0.583443820476532,0.5841096639633179,-0.03780943900346756,0.5796555876731873,0.5995745658874512,-0.04073170945048332,0.6093867421150208,0.5506085157394409,-0.026670821011066437,0.6052660942077637,0.5741148591041565,-0.03692193329334259,0.6027612686157227,0.5958127975463867,-0.04003239423036575,0.6013071537017822,0.6132494211196899,-0.04278009384870529,0.620133101940155,0.5550575852394104,-0.027422891929745674,0.6204400658607483,0.5757496953010559,-0.03799426183104515,0.6180261969566345,0.5964060425758362,-0.04192586615681648,0.6159104704856873,0.6143307685852051,-0.04466720670461655,0.6294385194778442,0.5574529767036438,-0.027722928673028946,0.638890266418457,0.5705129504203796,-0.03684527054429054,0.644978940486908,0.5798225998878479,-0.0404338501393795,0.6495175957679749,0.5902424454689026,-0.04290306940674782,7.825717999999995
0.6171820163726807,0.5207510590553284,0.0,0.6002976298332214,0.5317042469978333,-0.0052568563260138035,0.5883360505104065,0.5572105646133423,-0.011464382521808147,0.5805330276489258,0.5817384123802185,-0.01605135016143322,0.5729570984840393,0.5974529981613159,-0.021611826494336128,0.5960735082626343,0.5430198311805725,-0.02573969028890133,0.587970495223999,0.5666497945785522,-0.03534705564379692,0.5832687616348267,0.5854339599609375,-0.04000439494848251,0.5795367956161499,0.6017030477523804,-0.043249670416116714,0.6083526611328125,0.5500626564025879,-0.0268569178879261,0.6043773293495178,0.5733354687690735,-0.03709109500050545,0.6026622653007507,0.5963307023048401,-0.040436044335365295,0.6014575362205505,0.6151781678199768,-0.043430499732494354,0.619400680065155,0.5545691847801208,-0.026963451877236366,0.6205280423164368,0.5751978754997253,-0.037660881876945496,0.6186935305595398,0.5964472889900208,-0.04203714802861214,0.6167105436325073,0.6153548955917358,-0.04502507671713829,0.628984808921814,0.5573309063911438,-0.02664320357143879,0.6395706534385681,0.5697860717773438,-0.035608407109975815,0.6457950472831726,0.5787195563316345,-0.039424434304237366,0.6498541831970215,0.5889227390289307,-0.04212997108697891,7.876805100000013
0.6163179874420166,0.5202123522758484,0.0,0.5997725129127502,0.5315689444541931,-0.005480932537466288,0.5879908204078674,0.5567727088928223,-0.01207697857171297,0.5802789330482483,0.5814114809036255,-0.017016828060150146,0.5727012753486633,0.597324550151825,-0.022951431572437286,0.5958516597747803,0.5418074727058411,-0.02690122090280056,0.5879674553871155,0.5654721260070801,-0.03718909993767738,0.5831323862075806,0.5847976803779602,-0.04234279319643974,0.579163134098053,0.601718008518219,-0.04591970145702362,0.6081126928329468,0.5489852428436279,-0.028228625655174255,0.6041357517242432,0.5721026062965393,-0.03917304426431656,0.6020157337188721,0.5948024988174438,-0.04289164021611214,0.6003514528274536,0.6133983135223389,-0.046140238642692566,0.6190981864929199,0.5536441802978516,-0.028500759974122047,0.6200392246246338,0.5742332935333252,-0.03976181149482727,0.618094265460968,0.5960380434989929,-0.044249050319194794,0.6159536242485046,0.6154646873474121,-0.047314416617155075,0.6286491751670837,0.5565014481544495,-0.028342310339212418,0.6387789845466614,0.5684735774993896,-0.03760688006877899,0.6450108289718628,0.5777928233146667,-0.041358832269907,0.6492458581924438,0.5886452198028564,-0.04403384029865265,7.928143000000006
0.617508053779602,0.5221665501594543,0.0,0.6006141304969788,0.5324356555938721,-0.004957499913871288,0.5884426832199097,0.5567370653152466,-0.011159755289554596,0.580590009689331,0.5811761617660522,-0.015801331028342247,0.5732486248016357,0.5974570512771606,-0.02144557610154152,0.5961714386940002,0.541441798210144,-0.02584897354245186,0.5878576040267944,0.5656989216804504,-0.03537020459771156,0.5832086205482483,0.5853118300437927,-0.03987524285912514,0.579767644405365,0.6021489500999451,-0.04306025430560112,0.6082876324653625,0.5489431619644165,-0.027290742844343185,0.6040448546409607,0.5730705261230469,-0.03753257170319557,0.6020500063896179,0.5957810282707214,-0.04073965176939964,0.6008922457695007,0.6138809323310852,-0.043654751032590866,0.6191767454147339,0.5538143515586853,-0.02765851654112339,0.6195957660675049,0.5748796463012695,-0.038232285529375076,0.6177621483802795,0.5967867374420166,-0.04241880401968956,0.616095244884491,0.6159578561782837,-0.04539826884865761,0.6286954879760742,0.5566084384918213,-0.027593476697802544,0.6381924152374268,0.5687329173088074,-0.03664420545101166,0.6444616317749023,0.578039824962616,-0.040405191481113434,0.6490557789802551,0.5886433124542236,-0.043091267347335815,7.979385900000011
0.6169854402542114,0.5206940174102783,0.0,0.6002902984619141,0.5307656526565552,-0.005721963010728359,0.5882766246795654,0.5563570261001587,-0.012269055470824242,0.5803096294403076,0.5817649364471436,-0.01706388033926487,0.5733411312103271,0.5990753769874573,-0.02289614826440811,0.5968859195709229,0.5419665575027466,-0.0270917359739542,0.5882479548454285,0.5648033618927002,-0.03683920204639435,0.5829039812088013,0.5834165811538696,-0.04154292866587639,0.5785409212112427,0.5994738936424255,-0.04487138241529465,0.6086282134056091,0.5490880608558655,-0.027985254302620888,0.6047163009643555,0.572769284248352,-0.03844621405005455,0.6027253866195679,0.5965176224708557,-0.04187706857919693,0.6013151407241821,0.6159461140632629,-0.04498327523469925,0.6190452575683594,0.5532253980636597,-0.027768805623054504,0.620359480381012,0.5741224884986877,-0.0386338010430336,0.6181254982948303,0.5961203575134277,-0.04303150996565819,0.6159069538116455,0.6155614256858826,-0.04609216749668121,0.6282593607902527,0.5560049414634705,-0.02713431790471077,0.638671338558197,0.5688397884368896,-0.03616941347718239,0.6446872353553772,0.5790141820907593,-0.040003012865781784,0.6487821340560913,0.5902018547058105,-0.04278189688920975,8.027943600000015
0.6165679693222046,0.5190171599388123,0.0,0.5999386310577393,0.5307176113128662,-0.004692621063441038,0.588314950466156,0.5570251941680908,-0.010563981719315052,0.5810678005218506,0.5820953845977783,-0.014971857890486717,0.5747174024581909,0.5991601943969727,-0.02035868540406227,0.5955615639686584,0.5440289974212646,-0.02453378587961197,0.5872684121131897,0.5691961646080017,-0.03368064761161804,0.5823870897293091,0.5876228213310242,-0.03794717416167259,0.5787441730499268,0.6025166511535645,-0.040977951139211655,0.6073675751686096,0.5503112077713013,-0.0261430311948061,0.6038671135902405,0.5749344229698181,-0.036388929933309555,0.6019442081451416,0.5973449349403381,-0.039662010967731476,0.6008186936378479,0.614676296710968,-0.042504794895648956,0.6181854605674744,0.5539557933807373,-0.026760805398225784,0.6193695068359375,0.575121283531189,-0.03720057010650635,0.617324948310852,0.5968486666679382,-0.04132067784667015,0.6154175996780396,0.615493655204773,-0.04422933980822563,0.6278223395347595,0.555648684501648,-0.027003085240721703,0.6379716992378235,0.5680422782897949,-0.03595612198114395,0.6441730856895447,0.577315628528595,-0.039650458842515945,0.6486244201660156,0.5876737833023071,-0.04225843399763107,8.080064399999998
0.6172072887420654,0.5197080373764038,0.0,0.6003109812736511,0.5304046273231506,-0.004330082330852747,0.5882874131202698,0.556130588054657,-0.00967581756412983,0.580725371837616,0.5810645222663879,-0.01373338419944048,0.5735886693000793,0.5975616574287415,-0.018711982294917107,0.5955419540405273,0.5430959463119507,-0.022182811051607132,0.5868809223175049,0.566875696182251,-0.03043767437338829,0.5821207761764526,0.5849553346633911,-0.03427249938249588,0.5783684849739075,0.6009436845779419,-0.03713148459792137,0.6074744462966919,0.549938440322876,-0.02383764646947384,0.6033399701118469,0.5740343332290649,-0.032599154859781265,0.6014439463615417,0.5956680774688721,-0.03527537360787392,0.6001991033554077,0.6136831641197205,-0.03793339431285858,0.618630588054657,0.5543071031570435,-0.024640779942274094,0.6193001866340637,0.5754716992378235,-0.033796075731515884,0.6175041198730469,0.5962555408477783,-0.03753071278333664,0.6156999468803406,0.6151244044303894,-0.040407370775938034,0.6285654902458191,0.5562928318977356,-0.02512841671705246,0.6382480263710022,0.569449782371521,-0.03334862366318703,0.6443015336990356,0.5789925456047058,-0.03687964379787445,0.6486608386039734,0.590198278427124,-0.03945260867476463,8.132886799999994
0.6172686219215393,0.5204532146453857,0.0,0.6002756953239441,0.5306394100189209,-0.005264384672045708,0.5880743265151978,0.5558924674987793,-0.01163837593048811,0.5803347229957581,0.5809469223022461,-0.01649070531129837,0.5730854272842407,0.5975314974784851,-0.022381864488124847,0.5955137014389038,0.5420950651168823,-0.025732887908816338,0.5871819257736206,0.5672352910041809,-0.03513951599597931,0.5821925401687622,0.5858984589576721,-0.03958672285079956,0.5782113075256348,0.6021466851234436,-0.04279430955648422,0.6076705455780029,0.5497480630874634,-0.027180397883057594,0.6033614873886108,0.5742606520652771,-0.03715679049491882,0.6011885404586792,0.5964205265045166,-0.04021625593304634,0.5996823310852051,0.6148052215576172,-0.04308605194091797,0.6187032461166382,0.5544530153274536,-0.027629327028989792,0.6194329261779785,0.5757542252540588,-0.037796586751937866,0.6173620223999023,0.5969712138175964,-0.0417998805642128,0.6152337789535522,0.6162253618240356,-0.044812899082899094,0.6283255815505981,0.5570161938667297,-0.027739183977246284,0.6383416056632996,0.5687578320503235,-0.03642582893371582,0.6445452570915222,0.5774776339530945,-0.03993875905871391,0.6487533450126648,0.5882050395011902,-0.042543135583400726,8.187731000000014
0.6173684597015381,0.5216173529624939,0.0,0.6000270247459412,0.5318039059638977,-0.005494740791618824,0.5877816081047058,0.5563143491744995,-0.012381930835545063,0.5800488591194153,0.5809201598167419,-0.017729047685861588,0.5725350379943848,0.5984424352645874,-0.024180131033062935,0.5949429273605347,0.5431851744651794,-0.027474982663989067,0.586389422416687,0.5672445893287659,-0.037968385964632034,0.5811137557029724,0.5856145620346069,-0.04326838627457619,0.5768254399299622,0.6015519499778748,-0.046984873712062836,0.6070992946624756,0.5505918860435486,-0.029058553278446198,0.6026886105537415,0.5727536082267761,-0.04031515493988991,0.6001661419868469,0.5951471924781799,-0.044202134013175964,0.5982890129089355,0.6138560175895691,-0.04756813496351242,0.6182038187980652,0.555162250995636,-0.029568102210760117,0.6188535094261169,0.5748849511146545,-0.040922507643699646,0.6168015599250793,0.596284806728363,-0.04551338776946068,0.6145902872085571,0.61566162109375,-0.048784222453832626,0.6279745697975159,0.5576338171958923,-0.02967851422727108,0.6377533674240112,0.5685040354728699,-0.03913554921746254,0.6439508199691772,0.5771658420562744,-0.0429917573928833,0.6481768488883972,0.5876852869987488,-0.04580971598625183,8.238618500000001
0.6178950667381287,0.522229790687561,0.0,0.6001914143562317,0.5341034531593323,-0.007972939871251583,0.5879987478256226,0.5571587681770325,-0.0178026482462883,0.5802845358848572,0.5804169178009033,-0.02534361369907856,0.5726047158241272,0.5977186560630798,-0.0340271070599556,0.5947970151901245,0.5425989627838135,-0.03787338361144066,0.5854703187942505,0.566113293170929,-0.052653718739748,0.5798736214637756,0.5860617756843567,-0.0603327602148056,0.5757062435150146,0.6021404266357422,-0.06529632955789566,0.6073598265647888,0.5499380230903625,-0.038953546434640884,0.602249026298523,0.5721660256385803,-0.055405259132385254,0.6002243757247925,0.5964650511741638,-0.06131118908524513,0.598938524723053,0.6157912015914917,-0.06562778353691101,0.6184340715408325,0.554286777973175,-0.03861313685774803,0.6182937622070312,0.5740156173706055,-0.054488636553287506,0.6165238618850708,0.5965284705162048,-0.06027977913618088,0.6147027611732483,0.6155321598052979,-0.0636756643652916,0.6279767751693726,0.5572857856750488,-0.03774236515164375,0.637333333492279,0.5688037872314453,-0.04988769069314003,0.6437855362892151,0.5787093639373779,-0.0545717254281044,0.6480430364608765,0.5894636511802673,-0.057788897305727005,8.288539000000014
0.6164659261703491,0.521115243434906,0.0,0.5997533798217773,0.5319256782531738,-0.005014616064727306,0.5877503752708435,0.555789053440094,-0.012019455432891846,0.5801054835319519,0.5795809030532837,-0.017626121640205383,0.572584867477417,0.5961673855781555,-0.024218901991844177,0.5943264365196228,0.5452868938446045,-0.027803191915154457,0.5855405926704407,0.5685804486274719,-0.03871844336390495,0.580920398235321,0.5867094993591309,-0.04400378465652466,0.5774523019790649,0.6024922132492065,-0.04766540974378586,0.6065451502799988,0.5517169833183289,-0.029910510405898094,0.6017698645591736,0.5740829110145569,-0.04193355143070221,0.6000897884368896,0.5967880487442017,-0.045735619962215424,0.5987923741340637,0.6157861948013306,-0.048856865614652634,0.617760956287384,0.5552364587783813,-0.030903972685337067,0.6184867024421692,0.5747004747390747,-0.042965859174728394,0.6168493032455444,0.5957860946655273,-0.04703308641910553,0.6147918701171875,0.6147373914718628,-0.0496528334915638,0.6279174089431763,0.5567333698272705,-0.03147668018937111,0.6377148628234863,0.5686737298965454,-0.041213423013687134,0.643796443939209,0.5784943103790283,-0.04470319673418999,0.6476229429244995,0.5898148417472839,-0.047091707587242126,8.339030799999989
0.6167525053024292,0.5211862325668335,0.0,0.6002585291862488,0.531079888343811,-0.006202090997248888,0.588323712348938,0.554987370967865,-0.013393459841609001,0.5813550353050232,0.5795286297798157,-0.018712440505623817,0.5749873518943787,0.5965079665184021,-0.024964792653918266,0.5949283242225647,0.5416433215141296,-0.02878330647945404,0.5860065817832947,0.5684326887130737,-0.039310626685619354,0.5801257491111755,0.5866788029670715,-0.04452589154243469,0.5754748582839966,0.6019085049629211,-0.048143815249204636,0.6067517995834351,0.5484932661056519,-0.029701832681894302,0.6017722487449646,0.5732696056365967,-0.04084508493542671,0.599044919013977,0.5962016582489014,-0.04462544620037079,0.5972851514816284,0.6148598194122314,-0.047949858009815216,0.617560088634491,0.5533156394958496,-0.029501812532544136,0.6183000206947327,0.5751858949661255,-0.0407855398952961,0.6162487864494324,0.5970946550369263,-0.0454079695045948,0.6143118739128113,0.6168980002403259,-0.04868650808930397,0.6271353960037231,0.5566981434822083,-0.028893930837512016,0.6373862624168396,0.5695244073867798,-0.038256313651800156,0.6436327695846558,0.5785061120986938,-0.042181458324193954,0.6477054953575134,0.5892307162284851,-0.0450756810605526,8.389819200000005
0.6166542768478394,0.5198350548744202,0.0,0.599873960018158,0.5310303568840027,-0.007472112309187651,0.5880393981933594,0.5538061857223511,-0.016553357243537903,0.5815958976745605,0.5767363905906677,-0.0234431941062212,0.575566291809082,0.5929425358772278,-0.031396690756082535,0.5938247442245483,0.54386305809021,-0.03518742695450783,0.5845113396644592,0.5698012709617615,-0.04891202598810196,0.5784477591514587,0.589454710483551,-0.056178271770477295,0.5739538073539734,0.6050053238868713,-0.06096592918038368,0.6061655282974243,0.5503688454627991,-0.03627052530646324,0.6004440784454346,0.5738116502761841,-0.05142699554562569,0.5981828570365906,0.5969874858856201,-0.05698859319090843,0.596843957901001,0.6149943470954895,-0.06111737713217735,0.6174575090408325,0.5542302131652832,-0.03608538955450058,0.617305338382721,0.5753345489501953,-0.05094277858734131,0.6153849363327026,0.5973343253135681,-0.05683888494968414,0.6134727001190186,0.6160136461257935,-0.060388386249542236,0.6271997094154358,0.5564913749694824,-0.035384710878133774,0.636915385723114,0.569386899471283,-0.04711258038878441,0.6430455446243286,0.5791963934898376,-0.05200900882482529,0.6467561721801758,0.5897591710090637,-0.05541025474667549,8.442855500000007
0.6151257753372192,0.5188760757446289,0.0,0.5991268754005432,0.5312159061431885,-0.007532199379056692,0.5885342955589294,0.5534656047821045,-0.016861649230122566,0.5834270119667053,0.5751876831054688,-0.02394561842083931,0.5787707567214966,0.5902876853942871,-0.03207061067223549,0.5936689972877502,0.5437372326850891,-0.03543845936655998,0.5848435163497925,0.5702030062675476,-0.04928334429860115,0.5779578685760498,0.589518129825592,-0.0567607656121254,0.572804868221283,0.6051064729690552,-0.061741724610328674,0.605718195438385,0.550807774066925,-0.0364895835518837,0.6001676321029663,0.5743418335914612,-0.05137686803936958,0.5969656109809875,0.5961693525314331,-0.05706983432173729,0.5950058698654175,0.6136497259140015,-0.061468154191970825,0.6167647242546082,0.5549687147140503,-0.03625009208917618,0.616939127445221,0.5768084526062012,-0.050818391144275665,0.6148052215576172,0.5975739359855652,-0.056768856942653656,0.6129717230796814,0.6163579225540161,-0.06050761789083481,0.6261963248252869,0.5574249029159546,-0.03548379987478256,0.6366512179374695,0.5712685585021973,-0.047020815312862396,0.6432778835296631,0.5801920294761658,-0.05175042897462845,0.647570013999939,0.5910667181015015,-0.05510272830724716,8.4931828
0.6160017848014832,0.5187235474586487,0.0,0.6000280976295471,0.5290192365646362,-0.00782826915383339,0.5887436270713806,0.5526225566864014,-0.016492923721671104,0.582709550857544,0.5751492381095886,-0.02272465080022812,0.5767568945884705,0.5908229947090149,-0.029675643891096115,0.5941587090492249,0.5393344163894653,-0.03343728557229042,0.585062563419342,0.5687500834465027,-0.044969458132982254,0.5785504579544067,0.5890531539916992,-0.05019792541861534,0.5733758807182312,0.6062500476837158,-0.05356060341000557,0.6064555644989014,0.5459809303283691,-0.033254027366638184,0.6009297966957092,0.5747696161270142,-0.0455467589199543,0.5981022715568542,0.5969066619873047,-0.04880492389202118,0.5961198210716248,0.6145199537277222,-0.05131140723824501,0.6176039576530457,0.5508352518081665,-0.031806830316782,0.6176213622093201,0.5774953961372375,-0.043870456516742706,0.6153367161750793,0.5981833338737488,-0.047478605061769485,0.6132256388664246,0.6167076230049133,-0.049653489142656326,0.6269140839576721,0.5557174682617188,-0.029966186732053757,0.6363199949264526,0.5727133750915527,-0.03933360055088997,0.6419772505760193,0.5826966762542725,-0.04251899570226669,0.645471453666687,0.5945570468902588,-0.044687848538160324,8.543396300000012
0.6154944896697998,0.521013617515564,0.0,0.5994786620140076,0.5311098098754883,-0.0068709892220795155,0.5882434248924255,0.5531127452850342,-0.015582159161567688,0.5823309421539307,0.575602650642395,-0.02228054776787758,0.5764731764793396,0.5909948945045471,-0.0299012903124094,0.5931435823440552,0.541585385799408,-0.032536353915929794,0.5842254161834717,0.5694153308868408,-0.04498367756605148,0.5779276490211487,0.5891996622085571,-0.051250118762254715,0.5728745460510254,0.6058541536331177,-0.0553949736058712,0.6052045226097107,0.5481216311454773,-0.03370476886630058,0.5995824337005615,0.5743510127067566,-0.04690654203295708,0.5972476005554199,0.5964238047599792,-0.050985075533390045,0.5956001877784729,0.6143816113471985,-0.054166924208402634,0.6164311170578003,0.552705705165863,-0.033699214458465576,0.616616427898407,0.5765119194984436,-0.04680270701646805,0.6151029467582703,0.5980413556098938,-0.05109104514122009,0.6133066415786743,0.6175409555435181,-0.05372898653149605,0.6261100172996521,0.5562222003936768,-0.03325044363737106,0.6368439197540283,0.5709147453308105,-0.04347594827413559,0.6434750556945801,0.5799362659454346,-0.04688635095953941,0.6473871469497681,0.5906491875648499,-0.04921859875321388,8.594879600000013
0.6158691048622131,0.5195388793945312,0.0,0.5996025800704956,0.5301746129989624,-0.007088564336299896,0.5886347889900208,0.5520799160003662,-0.01621832512319088,0.5835091471672058,0.5746796727180481,-0.023121586069464684,0.579517662525177,0.5912289619445801,-0.03103652223944664,0.5932695269584656,0.5433573126792908,-0.035334233194589615,0.583968460559845,0.5709743499755859,-0.04888085648417473,0.5776642560958862,0.5907739400863647,-0.055734001100063324,0.5731189846992493,0.6063937544822693,-0.06016126647591591,0.6051126718521118,0.5499550700187683,-0.03652627393603325,0.5992894172668457,0.5758969187736511,-0.05108612775802612,0.5964418649673462,0.5980712175369263,-0.0557418130338192,0.594635009765625,0.6149751543998718,-0.05926394462585449,0.6163406372070312,0.5539377927780151,-0.03640764206647873,0.6159546971321106,0.5775154829025269,-0.05068877711892128,0.6139506697654724,0.5988572835922241,-0.0554492212831974,0.6119716763496399,0.6169586181640625,-0.05826675891876221,0.6260793209075928,0.5565925240516663,-0.03576254844665527,0.6359394192695618,0.5709527134895325,-0.04704684764146805,0.6421804428100586,0.5797725915908813,-0.05096490681171417,0.6457969546318054,0.5896503925323486,-0.053581420332193375,8.6451122
0.6169257760047913,0.521933376789093,0.0,0.600532591342926,0.5309218764305115,-0.006602859124541283,0.5891643166542053,0.552534818649292,-0.014682630077004433,0.5826560854911804,0.5746715068817139,-0.020822487771511078,0.576379656791687,0.5896912217140198,-0.027981186285614967,0.5935424566268921,0.5440366864204407,-0.03135326877236366,0.584264874458313,0.570650577545166,-0.04343143478035927,0.5781154036521912,0.5892285108566284,-0.04963237792253494,0.5735807418823242,0.6048023700714111,-0.053796328604221344,0.6053314208984375,0.5520960092544556,-0.032613202929496765,0.599548876285553,0.5761433839797974,-0.0455554835498333,0.5965354442596436,0.5967305302619934,-0.05001820623874664,0.5945229530334473,0.6131005883216858,-0.0535733588039875,0.6164883971214294,0.557036280632019,-0.03275275230407715,0.6162843108177185,0.5789982080459595,-0.04579294100403786,0.6144587993621826,0.599920392036438,-0.050937242805957794,0.6125925779342651,0.619054913520813,-0.05420541763305664,0.6260719299316406,0.5597262382507324,-0.03241302818059921,0.6356266736984253,0.5730106830596924,-0.04315419867634773,0.6419764757156372,0.5806570053100586,-0.047324471175670624,0.6460624933242798,0.5901889204978943,-0.05013425275683403,8.698720900000012
0.6151576638221741,0.5220350623130798,0.0,0.5996456146240234,0.5331276059150696,-0.007896081544458866,0.5888727903366089,0.5534117221832275,-0.017752906307578087,0.5841138362884521,0.5744242072105408,-0.025262318551540375,0.5804573893547058,0.5882957577705383,-0.033797744661569595,0.5929437279701233,0.5449399948120117,-0.03702884912490845,0.5835849642753601,0.5700167417526245,-0.051646508276462555,0.5773881673812866,0.5897316932678223,-0.059599459171295166,0.5728901624679565,0.6052312850952148,-0.0648239329457283,0.6047755479812622,0.551457405090332,-0.03796946257352829,0.5982464551925659,0.5735620856285095,-0.053243398666381836,0.5951444506645203,0.5944615602493286,-0.059011317789554596,0.593160092830658,0.6101320385932922,-0.06352213025093079,0.6161805987358093,0.5553058981895447,-0.037605732679367065,0.6162754893302917,0.5780125260353088,-0.052666500210762024,0.6146389245986938,0.599886417388916,-0.05865301936864853,0.6129210591316223,0.618767261505127,-0.06236753240227699,0.6259819865226746,0.5574710369110107,-0.03667084500193596,0.63649582862854,0.5724087953567505,-0.04873521253466606,0.6430486440658569,0.5817030072212219,-0.05351358652114868,0.6467763781547546,0.5925281047821045,-0.05680717155337334,8.748689200000001
0.6143611073493958,0.5209413170814514,0.0,0.5994290709495544,0.5318989753723145,-0.0066185761243104935,0.5886096954345703,0.5536400675773621,-0.014798182994127274,0.583065390586853,0.5756269693374634,-0.021100038662552834,0.5784070491790771,0.5906185507774353,-0.028386380523443222,0.5930036902427673,0.5443418025970459,-0.030669216066598892,0.5842828154563904,0.5705814361572266,-0.042587827891111374,0.577876091003418,0.5897322297096252,-0.04890618473291397,0.5729694366455078,0.6057932376861572,-0.0532420352101326,0.6047511696815491,0.5508498549461365,-0.03199731186032295,0.5989395380020142,0.5748977065086365,-0.04458940029144287,0.5957507491111755,0.5959023833274841,-0.04909876734018326,0.5936342477798462,0.6129211187362671,-0.05277356505393982,0.6159864068031311,0.5550763607025146,-0.0322442352771759,0.616319477558136,0.5774049758911133,-0.044964130967855453,0.61448734998703,0.5982164144515991,-0.04985840246081352,0.6123721599578857,0.6175549626350403,-0.05304504930973053,0.6262006759643555,0.5577728748321533,-0.03206871077418327,0.6367111206054688,0.573117196559906,-0.042585328221321106,0.6432793736457825,0.5820963382720947,-0.046582262963056564,0.6472989320755005,0.5929567217826843,-0.04931595176458359,8.798206700000009
0.6158557534217834,0.5205289125442505,0.0,0.5998873114585876,0.5297336578369141,-0.006862290669232607,0.5888592004776001,0.5517644882202148,-0.014706759713590145,0.5834697484970093,0.574817955493927,-0.020511576905846596,0.5782700777053833,0.5901279449462891,-0.02727431058883667,0.5942217111587524,0.5420241355895996,-0.030937688425183296,0.5851694345474243,0.5698161125183105,-0.04178560897707939,0.5786280632019043,0.589195728302002,-0.047192543745040894,0.5736534595489502,0.605642557144165,-0.0510573573410511,0.6061051487922668,0.5505728125572205,-0.03173752874135971,0.6001436710357666,0.5754045248031616,-0.04321620985865593,0.596770167350769,0.5961160659790039,-0.047059036791324615,0.5946248173713684,0.6127528548240662,-0.050455160439014435,0.616990327835083,0.5561362504959106,-0.03138010576367378,0.6168084144592285,0.5782679915428162,-0.04285051301121712,0.6147215366363525,0.5977127552032471,-0.04767904803156853,0.6128434538841248,0.6155357956886292,-0.05114016309380531,0.6264820098876953,0.5597057342529297,-0.030644962564110756,0.6361743807792664,0.5745672583580017,-0.04047521576285362,0.6426872611045837,0.5828554034233093,-0.044800519943237305,0.6472182869911194,0.5930591821670532,-0.04798681661486626,8.849357400000002
0.6161152124404907,0.5197672247886658,0.0,0.6000543236732483,0.5292220711708069,-0.007052476983517408,0.5889729857444763,0.5511736273765564,-0.015320774167776108,0.5833236575126648,0.5732040405273438,-0.021378444507718086,0.5777390599250793,0.588408887386322,-0.028242923319339752,0.5939885377883911,0.5417822599411011,-0.0319354422390461,0.5844616293907166,0.5699821710586548,-0.043351657688617706,0.5776460766792297,0.5897344946861267,-0.04887380823493004,0.5724884867668152,0.6063516139984131,-0.05258239060640335,0.6059030294418335,0.5486173033714294,-0.032414548099040985,0.598943293094635,0.5749773383140564,-0.04454207047820091,0.5955780148506165,0.5966366529464722,-0.04845293238759041,0.5935836434364319,0.614281177520752,-0.051631007343530655,0.6169658303260803,0.5531386733055115,-0.03167989104986191,0.6166647672653198,0.5780024528503418,-0.04399267956614494,0.6145399212837219,0.5988826155662537,-0.04872496426105499,0.612518846988678,0.6183549165725708,-0.05173148214817047,0.6264544129371643,0.557159960269928,-0.030456870794296265,0.6366857290267944,0.5734159350395203,-0.0403178371489048,0.6430956125259399,0.5832456946372986,-0.04430629312992096,0.6470636129379272,0.595287024974823,-0.047131821513175964,8.899520200000012
0.6151916980743408,0.5196095705032349,0.0,0.5988267660140991,0.5317122340202332,-0.007438532542437315,0.5882464647293091,0.5530246496200562,-0.017148081213235855,0.5832645297050476,0.5734555721282959,-0.024391287937760353,0.5780123472213745,0.5865387916564941,-0.03276001289486885,0.5926781892776489,0.5447622537612915,-0.037758875638246536,0.5836909413337708,0.5710433125495911,-0.05200261250138283,0.5768632888793945,0.5903294086456299,-0.059520334005355835,0.5716835260391235,0.6056617498397827,-0.06455183029174805,0.604691207408905,0.5524199604988098,-0.03885897621512413,0.5983984470367432,0.576277494430542,-0.0542638897895813,0.5949021577835083,0.5974333882331848,-0.060188520699739456,0.5925148725509644,0.6140395402908325,-0.06486319750547409,0.6159379482269287,0.5570012927055359,-0.03848957270383835,0.6155134439468384,0.5791789889335632,-0.053822245448827744,0.6133617758750916,0.5993826985359192,-0.06056435778737068,0.6111434698104858,0.6177671551704407,-0.06480161100625992,0.6255519986152649,0.5599138736724854,-0.03739885985851288,0.6354553699493408,0.574465274810791,-0.04980188608169556,0.6422239542007446,0.5828760266304016,-0.05531931295990944,0.6465125679969788,0.5932573080062866,-0.05925263464450836,8.951838299999991
0.6156908869743347,0.5174604654312134,0.0,0.5994968414306641,0.5283580422401428,-0.006759277079254389,0.5893628001213074,0.5507094264030457,-0.015212103724479675,0.5848748683929443,0.5721880793571472,-0.02153845690190792,0.5806484222412109,0.5869126319885254,-0.028857214376330376,0.593146800994873,0.5440428853034973,-0.03322203457355499,0.583734929561615,0.5714592933654785,-0.045530181378126144,0.5771982669830322,0.5909943580627441,-0.05189337953925133,0.5723898410797119,0.6072508692741394,-0.056199751794338226,0.6048669815063477,0.5518741011619568,-0.034222014248371124,0.5990558862686157,0.5775066614151001,-0.04749499633908272,0.595611572265625,0.5983871221542358,-0.05237215757369995,0.5933510065078735,0.6149453520774841,-0.05627952516078949,0.6159095168113708,0.5563837289810181,-0.03392845019698143,0.6154037117958069,0.5804892778396606,-0.04713520035147667,0.613296389579773,0.6001865863800049,-0.052843715995550156,0.6114833950996399,0.6178769469261169,-0.05654295161366463,0.6251764297485352,0.5594578385353088,-0.0330682173371315,0.6351110339164734,0.5744690895080566,-0.04373481869697571,0.6413638591766357,0.5821088552474976,-0.0483415387570858,0.645455002784729,0.5915582180023193,-0.05166606977581978,9.005810700000012
0.6166322231292725,0.5190849900245667,0.0,0.6001005172729492,0.5293520092964172,-0.007283931598067284,0.5897130966186523,0.5490944385528564,-0.016480712220072746,0.5855308771133423,0.5692490339279175,-0.023230966180562973,0.581628680229187,0.5826212763786316,-0.03088773600757122,0.5934664607048035,0.5441970229148865,-0.03574838116765022,0.5836609601974487,0.5700617432594299,-0.04910244420170784,0.5771059989929199,0.5902548432350159,-0.05615049973130226,0.57221519947052,0.6075414419174194,-0.060871098190546036,0.6054292917251587,0.5517449378967285,-0.036340612918138504,0.5990431308746338,0.5765359997749329,-0.050918661057949066,0.595177948474884,0.597882091999054,-0.05675991624593735,0.5925983190536499,0.6147142648696899,-0.06126054376363754,0.6166350245475769,0.5558898448944092,-0.03550059348344803,0.6164045333862305,0.5811268091201782,-0.05023316666483879,0.61494380235672,0.6015045642852783,-0.05700070038437843,0.6138926148414612,0.6191967129707336,-0.06105419248342514,0.6258704662322998,0.5592432618141174,-0.033910784870386124,0.6361836194992065,0.5751281380653381,-0.045329853892326355,0.6426465511322021,0.584398627281189,-0.05068003386259079,0.6467624306678772,0.5950877070426941,-0.0545135922729969,9.051499100000001
0.6153684854507446,0.5190839767456055,0.0,0.5997297167778015,0.5287989974021912,-0.005999568849802017,0.5892676711082458,0.5504207611083984,-0.013613955117762089,0.5844583511352539,0.5717467665672302,-0.019422896206378937,0.5799766182899475,0.5864042043685913,-0.026022564619779587,0.5923163890838623,0.5455911159515381,-0.029137833043932915,0.5831212997436523,0.5725943446159363,-0.04045620560646057,0.5774068236351013,0.5919747948646545,-0.04605511575937271,0.5730079412460327,0.6082625985145569,-0.04965072125196457,0.6041988730430603,0.5529306530952454,-0.02996554598212242,0.5985329747200012,0.5793823003768921,-0.04162738844752312,0.5957578420639038,0.6002198457717896,-0.045192088931798935,0.5937864780426025,0.616574764251709,-0.04797746613621712,0.615943431854248,0.5569891333580017,-0.02976790815591812,0.6160137057304382,0.5822020173072815,-0.04172539338469505,0.6147684454917908,0.6017369627952576,-0.04598712921142578,0.6134824752807617,0.6184783577919006,-0.04840683192014694,0.6260592937469482,0.5594070553779602,-0.029097910970449448,0.6366298198699951,0.5752065777778625,-0.03851994872093201,0.6426652669906616,0.5830686688423157,-0.04199819639325142,0.6463290452957153,0.5920875668525696,-0.04424045979976654,9.095213699999988
0.6159203052520752,0.5191472768783569,0.0,0.599288821220398,0.5292948484420776,-0.004956518765538931,0.5879821181297302,0.5523784160614014,-0.011815340258181095,0.5822075605392456,0.5749950408935547,-0.0172381941229105,0.5762622952461243,0.5904083847999573,-0.0235296543687582,0.592725932598114,0.5458938479423523,-0.026610443368554115,0.5833364129066467,0.5733981132507324,-0.03671754151582718,0.5775657892227173,0.5924068689346313,-0.041695140302181244,0.5729547142982483,0.6089773178100586,-0.045115213841199875,0.604791522026062,0.5532172322273254,-0.028103619813919067,0.5988335013389587,0.5784308910369873,-0.038764696568250656,0.5960793495178223,0.5986319780349731,-0.04195499047636986,0.5941534042358398,0.615379810333252,-0.044627003371715546,0.6162759065628052,0.5575093626976013,-0.02855679765343666,0.6160601377487183,0.5810439586639404,-0.03931374475359917,0.6145927906036377,0.6006432175636292,-0.04313961789011955,0.6131163835525513,0.6184061765670776,-0.04566279798746109,0.6262583136558533,0.5598366856575012,-0.028587959706783295,0.6359981894493103,0.5748962163925171,-0.03741346672177315,0.6418583393096924,0.5831359028816223,-0.0406627431511879,0.6456596851348877,0.5931199193000793,-0.04289516806602478,9.150439000000006
0.616111159324646,0.5204036831855774,0.0,0.599628210067749,0.5304918885231018,-0.006392703857272863,0.5883114337921143,0.5522764921188354,-0.01444308366626501,0.5826632380485535,0.574142336845398,-0.020701097324490547,0.576637864112854,0.5890200138092041,-0.02783156931400299,0.5922262072563171,0.5447250008583069,-0.030712619423866272,0.5833269357681274,0.5721062421798706,-0.04236992448568344,0.5770273208618164,0.5911176204681396,-0.04822978004813194,0.5721665620803833,0.607628345489502,-0.052170705050230026,0.6044147610664368,0.5519256591796875,-0.03182944655418396,0.598541259765625,0.5770883560180664,-0.04407503455877304,0.5953937768936157,0.5979954600334167,-0.04808143153786659,0.5932995080947876,0.6152594685554504,-0.05130235478281975,0.6160688400268555,0.5564234256744385,-0.03184022381901741,0.6163421273231506,0.5811479091644287,-0.04404398798942566,0.6147956252098083,0.6009275913238525,-0.048647671937942505,0.6132535338401794,0.6188899278640747,-0.05157148092985153,0.6261553168296814,0.5595154166221619,-0.03140595182776451,0.6362826228141785,0.575732946395874,-0.04129941761493683,0.6420920491218567,0.5850253105163574,-0.04524798318743706,0.6456725001335144,0.5960971117019653,-0.04797038435935974,9.200728099999992
0.6156368851661682,0.5208916664123535,0.0,0.5986308455467224,0.532096266746521,-0.007410271558910608,0.5874582529067993,0.5535857677459717,-0.0169684961438179,0.581500232219696,0.5740163326263428,-0.024211691692471504,0.5748504996299744,0.5873113870620728,-0.03250280022621155,0.591907799243927,0.5460627675056458,-0.03664427623152733,0.5829176306724548,0.5723320841789246,-0.050688035786151886,0.5763891935348511,0.5916267037391663,-0.05807063356041908,0.5713343024253845,0.6074856519699097,-0.06292591989040375,0.6040939688682556,0.5524168610572815,-0.03765979781746864,0.5977950096130371,0.5758723020553589,-0.05249844864010811,0.5946807265281677,0.5969263911247253,-0.057861462235450745,0.5925062298774719,0.6140303611755371,-0.062059495598077774,0.6156983375549316,0.5561927556991577,-0.03731648251414299,0.6156692504882812,0.5788912177085876,-0.05209871754050255,0.6136166453361511,0.5997127294540405,-0.05823452025651932,0.6114112138748169,0.6191664338111877,-0.0620238371193409,0.6255850791931152,0.5587800145149231,-0.03632731735706329,0.6364718079566956,0.5737180709838867,-0.048255402594804764,0.6427255272865295,0.5839677453041077,-0.05334801971912384,0.6460980772972107,0.596637487411499,-0.05688619241118431,9.251078299999989
0.6166249513626099,0.5230010151863098,0.0,0.5987275242805481,0.5337486267089844,-0.007686523720622063,0.5870909094810486,0.5543794631958008,-0.01778111793100834,0.5816422700881958,0.5749519467353821,-0.025194240733981133,0.5759101510047913,0.5882160663604736,-0.03372262418270111,0.5922883749008179,0.544440746307373,-0.03962623327970505,0.5831705927848816,0.5706104636192322,-0.054308321326971054,0.5762450695037842,0.5911190509796143,-0.06204686313867569,0.5711110830307007,0.6073853969573975,-0.0672299712896347,0.604572057723999,0.5524746775627136,-0.04063238948583603,0.5983924269676208,0.5754220485687256,-0.05652577802538872,0.5946856737136841,0.5970948934555054,-0.06246267631649971,0.5923200249671936,0.6142476201057434,-0.06721024215221405,0.6158567667007446,0.5580092072486877,-0.04005754366517067,0.6155569553375244,0.5785627961158752,-0.055768948048353195,0.6128317713737488,0.5992748141288757,-0.06266149133443832,0.6103310585021973,0.618095874786377,-0.0670517310500145,0.6253263354301453,0.5618715882301331,-0.038734011352062225,0.6354211568832397,0.575751006603241,-0.051594413816928864,0.6422423124313354,0.5847837328910828,-0.05744539573788643,0.6467763185501099,0.5956833958625793,-0.06163768842816353,9.30222359999999
0.6137039065361023,0.5208295583724976,0.0,0.5980579257011414,0.5328617691993713,-0.007040716242045164,0.5874210000038147,0.5544660091400146,-0.016455600038170815,0.5823323130607605,0.5752323269844055,-0.0237423125654459,0.5776169300079346,0.5889397859573364,-0.03203510493040085,0.5910031795501709,0.5462580919265747,-0.03546196594834328,0.5815494656562805,0.5723729133605957,-0.04967211186885834,0.5755261182785034,0.5914149284362793,-0.05708487331867218,0.5708382725715637,0.606627345085144,-0.06185642257332802,0.6032116413116455,0.5506714582443237,-0.03681936115026474,0.5962850451469421,0.5754678845405579,-0.05166243016719818,0.5934015512466431,0.5963135957717896,-0.05690585821866989,0.5912638306617737,0.6127029061317444,-0.06089777871966362,0.6150745153427124,0.5532702207565308,-0.03691019117832184,0.6154605746269226,0.5788808465003967,-0.05187556520104408,0.6137462854385376,0.6004962921142578,-0.05747199431061745,0.611415684223175,0.6199912428855896,-0.06072037294507027,0.6254023313522339,0.5552071332931519,-0.03636450320482254,0.6364571452140808,0.5720232725143433,-0.048174116760492325,0.642799973487854,0.5830150842666626,-0.05265360325574875,0.6454797983169556,0.5958544611930847,-0.055640775710344315,9.343781100000001
0.6134470701217651,0.5198180079460144,0.0,0.5979289412498474,0.5307184457778931,-0.00563026824966073,0.5871565937995911,0.5528294444084167,-0.013498238287866116,0.5815485715866089,0.5746193528175354,-0.019696786999702454,0.575785219669342,0.5891970992088318,-0.026952926069498062,0.5925725698471069,0.5457203984260559,-0.030139176174998283,0.5831721425056458,0.5721755623817444,-0.04171806573867798,0.5765958428382874,0.591166079044342,-0.047670602798461914,0.5714755654335022,0.6076765060424805,-0.0518437884747982,0.604333221912384,0.5526280999183655,-0.031857073307037354,0.5978450179100037,0.576063334941864,-0.04418843984603882,0.59406977891922,0.5959928035736084,-0.04857383668422699,0.5914076566696167,0.6126139760017395,-0.05215068906545639,0.6152799725532532,0.5564925074577332,-0.03242367133498192,0.6154788732528687,0.5795555710792542,-0.045111190527677536,0.6133406758308411,0.5994630455970764,-0.050460025668144226,0.61105877161026,0.6185578107833862,-0.053926981985569,0.6249581575393677,0.5585735440254211,-0.032417021691799164,0.6360589861869812,0.5745450854301453,-0.042965516448020935,0.6428168416023254,0.5852541327476501,-0.04748974367976189,0.6470347046852112,0.5982151627540588,-0.050662629306316376,9.394809400000014
0.6159253716468811,0.5185690522193909,0.0,0.5989419221878052,0.5297703742980957,-0.005979192443192005,0.5874569416046143,0.5529709458351135,-0.013424255885183811,0.5816425681114197,0.5753825902938843,-0.01900104619562626,0.5758496522903442,0.5917975902557373,-0.025401102378964424,0.5923362374305725,0.5433758497238159,-0.02976040355861187,0.5828320980072021,0.5724730491638184,-0.040217623114585876,0.576485276222229,0.5915385484695435,-0.045221585780382156,0.5716679692268372,0.6076207160949707,-0.0486597940325737,0.604296088218689,0.5515267848968506,-0.030567055568099022,0.5981693267822266,0.5772937536239624,-0.041918057948350906,0.594908595085144,0.5988912582397461,-0.045650046318769455,0.5929679870605469,0.6158167719841003,-0.04876277968287468,0.6156031489372253,0.5564236044883728,-0.030078811571002007,0.61562579870224,0.5809285640716553,-0.041140805929899216,0.6144857406616211,0.6016892790794373,-0.04547702148556709,0.6136725544929504,0.6196181774139404,-0.04846320301294327,0.625171422958374,0.559777557849884,-0.02914580889046192,0.6342732906341553,0.5741679072380066,-0.03815224766731262,0.6400381922721863,0.5827224254608154,-0.04185110330581665,0.6440955400466919,0.5929235219955444,-0.0445539616048336,9.444072900000009
0.6123599410057068,0.5207622051239014,0.0,0.5971320867538452,0.5323647260665894,-0.006965453736484051,0.5871372818946838,0.5522053837776184,-0.016466334462165833,0.5832720398902893,0.5722939968109131,-0.0236299280077219,0.5802664160728455,0.5843191146850586,-0.03189922124147415,0.5914795398712158,0.5473701357841492,-0.036675263196229935,0.5823847651481628,0.5715875029563904,-0.05082625523209572,0.5755993127822876,0.5908337235450745,-0.058507081121206284,0.5707002282142639,0.6065093278884888,-0.06373828649520874,0.6034755110740662,0.5544214844703674,-0.037899479269981384,0.597170352935791,0.576757550239563,-0.05319661647081375,0.5933530330657959,0.5968448519706726,-0.0594131276011467,0.590948224067688,0.612401008605957,-0.06429217755794525,0.614629328250885,0.558119535446167,-0.037672169506549835,0.6145902872085571,0.5800437331199646,-0.053229693323373795,0.6123719811439514,0.5991687774658203,-0.06038443744182587,0.6101535558700562,0.6168237924575806,-0.06476524472236633,0.6241204142570496,0.5603424906730652,-0.036639899015426636,0.6352275609970093,0.5757139325141907,-0.049223702400922775,0.6424177885055542,0.5850062966346741,-0.05502323806285858,0.6470238566398621,0.59646075963974,-0.05911547690629959,9.49548440000001
0.6163035035133362,0.5193148851394653,0.0,0.5988814830780029,0.5303049683570862,-0.007502643391489983,0.587582528591156,0.5522174835205078,-0.01615198701620102,0.5822989344596863,0.5728108286857605,-0.02236596681177616,0.576490044593811,0.5874940156936646,-0.029600145295262337,0.5922643542289734,0.5441797971725464,-0.035334836691617966,0.5825337767601013,0.5712440609931946,-0.04789557680487633,0.5760526061058044,0.5909814238548279,-0.05442320555448532,0.5716271996498108,0.6072721481323242,-0.05883001163601875,0.6043141484260559,0.5533839464187622,-0.03567342460155487,0.5980457067489624,0.5762555599212646,-0.049608051776885986,0.5945517420768738,0.5977441072463989,-0.05520179495215416,0.5927687287330627,0.6147406697273254,-0.05967887118458748,0.6152366399765015,0.5587369203567505,-0.034558091312646866,0.6146445274353027,0.5806725025177002,-0.04820602014660835,0.6129496693611145,0.6006929874420166,-0.05494941025972366,0.6120466589927673,0.6183988451957703,-0.0594111829996109,0.6243056654930115,0.5626011490821838,-0.03284893184900284,0.6332411170005798,0.5751649141311646,-0.04403878375887871,0.6393375396728516,0.5833751559257507,-0.0497032105922699,0.643907368183136,0.5936203598976135,-0.053868550807237625,9.548199600000004
0.6123285293579102,0.521286129951477,0.0,0.5974614024162292,0.5318720936775208,-0.008093134500086308,0.587460994720459,0.5501783490180969,-0.01830434799194336,0.5842785239219666,0.5692958831787109,-0.025676162913441658,0.582590639591217,0.5800776481628418,-0.034063179045915604,0.5922744274139404,0.5452733039855957,-0.039646703749895096,0.5826428532600403,0.5699788331985474,-0.05401797965168953,0.5760884881019592,0.5901896357536316,-0.06151042506098747,0.5714362263679504,0.6067158579826355,-0.06650135666131973,0.6042612195014954,0.5513416528701782,-0.04003593325614929,0.596812903881073,0.576040506362915,-0.05527185648679733,0.5929415225982666,0.5964224934577942,-0.061354417353868484,0.5905658006668091,0.6119199395179749,-0.06617451459169388,0.6154419183731079,0.5550077557563782,-0.03884531557559967,0.6139395833015442,0.5802967548370361,-0.05461696535348892,0.6115533113479614,0.5991551876068115,-0.06198852136731148,0.6092830300331116,0.6159143447875977,-0.06642422080039978,0.6245089769363403,0.5586037039756775,-0.03674463927745819,0.6354131102561951,0.5766146183013916,-0.04920167475938797,0.6424543261528015,0.5876190662384033,-0.05504651740193367,0.6467409729957581,0.6001726984977722,-0.05924073979258537,9.598084700000015
0.6167606711387634,0.5189513564109802,0.0,0.5993891358375549,0.5286548733711243,-0.005615079775452614,0.5871696472167969,0.5514843463897705,-0.012482834979891777,0.580427348613739,0.5736259818077087,-0.017654329538345337,0.5736374258995056,0.5897712707519531,-0.023698100820183754,0.5926202535629272,0.5427703857421875,-0.02722448669373989,0.5825222134590149,0.5710190534591675,-0.03694339841604233,0.57603919506073,0.5901634693145752,-0.041775330901145935,0.5712403059005737,0.6068869829177856,-0.04511486366391182,0.6044231057167053,0.5507174134254456,-0.02800269052386284,0.5977990627288818,0.5761190056800842,-0.03823063150048256,0.594447672367096,0.5977777242660522,-0.041951410472393036,0.5926662683486938,0.6154390573501587,-0.045158885419368744,0.615626335144043,0.5556745529174805,-0.02762700989842415,0.6151734590530396,0.5804459452629089,-0.03816038742661476,0.613778829574585,0.6008790135383606,-0.04281087592244148,0.6128875613212585,0.6189382672309875,-0.04604041576385498,0.6250793933868408,0.5596087574958801,-0.02680034376680851,0.6338028311729431,0.5741762518882751,-0.03558111563324928,0.6394820213317871,0.5833922624588013,-0.039494093507528305,0.6435540318489075,0.5947152376174927,-0.04236587882041931,9.648227300000002
0.6129947900772095,0.5196249485015869,0.0,0.597332239151001,0.5302489995956421,-0.0062245531007647514,0.5870792865753174,0.5510766506195068,-0.015155941247940063,0.5826448202133179,0.5732460021972656,-0.021986475214362144,0.5795350670814514,0.5885956287384033,-0.02984115481376648,0.5915193557739258,0.5441677570343018,-0.03468691185116768,0.5816717743873596,0.5701837539672852,-0.04823112115263939,0.5749927759170532,0.590050995349884,-0.05526111274957657,0.5700623989105225,0.6061076521873474,-0.059908777475357056,0.603064775466919,0.5519042611122131,-0.03624375909566879,0.5963922739028931,0.5760909914970398,-0.05058835819363594,0.5925689339637756,0.5965206027030945,-0.05555913597345352,0.589919924736023,0.6125617027282715,-0.05943560227751732,0.6140468716621399,0.5566840767860413,-0.03642738237977028,0.6132651567459106,0.5797068476676941,-0.050782460719347,0.6110066175460815,0.6001592874526978,-0.05623536929488182,0.6088182330131531,0.618573009967804,-0.05952458456158638,0.6235655546188354,0.5594398975372314,-0.03592664748430252,0.6340600848197937,0.5751086473464966,-0.04745440557599068,0.640967607498169,0.5843444466590881,-0.05182842165231705,0.6453800797462463,0.5951631665229797,-0.054774120450019836,9.697401600000006
0.614486575126648,0.5187540650367737,0.0,0.598269522190094,0.5289965867996216,-0.0062402947805821896,0.5874398946762085,0.5504173040390015,-0.014167539775371552,0.5824881792068481,0.5717873573303223,-0.02008591592311859,0.5780117511749268,0.5865931510925293,-0.0268864706158638,0.5914320945739746,0.5444799661636353,-0.03131787106394768,0.5817227363586426,0.5722011923789978,-0.04261293634772301,0.5753410458564758,0.5916450619697571,-0.04821480065584183,0.5704905986785889,0.608227550983429,-0.05202466621994972,0.6032509207725525,0.552152693271637,-0.0322696827352047,0.5971038937568665,0.5782245993614197,-0.04422532767057419,0.5937210917472839,0.598735511302948,-0.048131559044122696,0.5916033983230591,0.6153358221054077,-0.0513768307864666,0.6144226789474487,0.5566535592079163,-0.03197291120886803,0.6138692498207092,0.5814606547355652,-0.043932344764471054,0.6121113896369934,0.601038932800293,-0.04867735877633095,0.6106773614883423,0.6187632083892822,-0.05181519314646721,0.6240967512130737,0.5598141551017761,-0.03116099163889885,0.6337547302246094,0.5751022100448608,-0.04091755673289299,0.6399797797203064,0.5833547115325928,-0.04490576684474945,0.6441715955734253,0.5935956835746765,-0.04777493700385094,9.745533099999989
0.6137009859085083,0.5183814167976379,0.0,0.5981870889663696,0.5280575156211853,-0.005235330201685429,0.587775707244873,0.5498783588409424,-0.012477181851863861,0.5829291939735413,0.5720523595809937,-0.018100135028362274,0.5788376331329346,0.5870856046676636,-0.024620607495307922,0.5914474129676819,0.5451710224151611,-0.028134405612945557,0.5819323658943176,0.5725814700126648,-0.0389285534620285,0.576000988483429,0.5921978950500488,-0.04429565742611885,0.57147616147995,0.6090706586837769,-0.04791104421019554,0.6028444766998291,0.5530202388763428,-0.02956027165055275,0.5970168113708496,0.5787712335586548,-0.040750034153461456,0.5936973690986633,0.5989832878112793,-0.04411189258098602,0.591490626335144,0.6153191328048706,-0.04689086973667145,0.6140015125274658,0.5576109886169434,-0.029933840036392212,0.613746702671051,0.5822626948356628,-0.041272103786468506,0.611987829208374,0.6017599105834961,-0.0453285351395607,0.6104111075401306,0.6192784309387207,-0.0479319728910923,0.6238968968391418,0.5604298114776611,-0.029844963923096657,0.6339253187179565,0.5764268636703491,-0.03903770446777344,0.6404110193252563,0.5848974585533142,-0.042429834604263306,0.6448925137519836,0.5948584675788879,-0.04476926103234291,9.79785369999999
0.6145941019058228,0.5199597477912903,0.0,0.5982400178909302,0.5297679901123047,-0.006320896092802286,0.587087869644165,0.5508329272270203,-0.014216897077858448,0.5813958644866943,0.5718600153923035,-0.020162031054496765,0.5752867460250854,0.5870640277862549,-0.026977887377142906,0.5917738080024719,0.5439327955245972,-0.03089328482747078,0.5820600390434265,0.5716683864593506,-0.04220905527472496,0.5759605765342712,0.5916650891304016,-0.04781748726963997,0.5712705254554749,0.6091079711914062,-0.05157860368490219,0.6038011312484741,0.5520103573799133,-0.03161235898733139,0.5974013209342957,0.5770490169525146,-0.043597351759672165,0.5942727327346802,0.5978567600250244,-0.0475543737411499,0.5922368168830872,0.6147173643112183,-0.05073872208595276,0.6149916052818298,0.5567774772644043,-0.031128618866205215,0.614663302898407,0.5807059407234192,-0.04328317567706108,0.6132214665412903,0.600331723690033,-0.048228971660137177,0.6120975613594055,0.6178563833236694,-0.05134640261530876,0.6244158148765564,0.5599896907806396,-0.030113443732261658,0.6340112686157227,0.5741921067237854,-0.03986483812332153,0.6401622295379639,0.5825775265693665,-0.04402908682823181,0.644385814666748,0.59303218126297,-0.04696599021553993,9.847463199999993
0.6133421063423157,0.5195735692977905,0.0,0.5974743366241455,0.5292895436286926,-0.005544605199247599,0.5870364904403687,0.5509674549102783,-0.012932647950947285,0.5821056365966797,0.5728055238723755,-0.018618615344166756,0.5776026248931885,0.5877680778503418,-0.025115318596363068,0.590603768825531,0.5458242893218994,-0.028502091765403748,0.5813729763031006,0.5734116435050964,-0.03929632157087326,0.5755096673965454,0.5927319526672363,-0.04451897367835045,0.5709018111228943,0.6093394756317139,-0.04796336963772774,0.6024119853973389,0.5531389713287354,-0.029635999351739883,0.596532940864563,0.579547107219696,-0.04076669365167618,0.5935278534889221,0.60025954246521,-0.043920621275901794,0.5913609266281128,0.6168726682662964,-0.046502735465765,0.6139397621154785,0.5572232007980347,-0.029698340222239494,0.6138827204704285,0.5823882818222046,-0.04096846282482147,0.6125260591506958,0.602196455001831,-0.04475189745426178,0.6109911799430847,0.6197448372840881,-0.047077760100364685,0.6240231990814209,0.559636116027832,-0.029305972158908844,0.6344408392906189,0.5756766200065613,-0.03830944746732712,0.6404833793640137,0.5840921401977539,-0.04146957769989967,0.6440722346305847,0.5939684510231018,-0.04358639940619469,9.8963502
0.6138980388641357,0.519096851348877,0.0,0.5975794196128845,0.5291139483451843,-0.006294552702456713,0.5865570902824402,0.5513769388198853,-0.014063138514757156,0.5809008479118347,0.5737380385398865,-0.01993396133184433,0.5749794840812683,0.5893459320068359,-0.026656612753868103,0.5912460684776306,0.5443072319030762,-0.030442778021097183,0.5815297365188599,0.5723173022270203,-0.041561294347047806,0.5752245187759399,0.5915393829345703,-0.04680359363555908,0.5702166557312012,0.6083385944366455,-0.05029711499810219,0.6034280061721802,0.5513739585876465,-0.031217405572533607,0.5972554683685303,0.5780999064445496,-0.042978379875421524,0.5941892862319946,0.5991575717926025,-0.04644834250211716,0.5919893980026245,0.6162828207015991,-0.049214545637369156,0.614837646484375,0.5554447174072266,-0.03085344284772873,0.6151099801063538,0.5811882615089417,-0.04285913705825806,0.6135123372077942,0.6016020774841309,-0.04731675609946251,0.6119338870048523,0.6202033162117004,-0.050039783120155334,0.6245095133781433,0.5582292675971985,-0.029991725459694862,0.6352989077568054,0.5745683312416077,-0.0397355891764164,0.6413032412528992,0.5841902494430542,-0.0436442531645298,0.6447990536689758,0.5960198640823364,-0.046282317489385605,9.950166200000012
0.6134312152862549,0.5167269706726074,0.0,0.5973691344261169,0.5279481410980225,-0.005096467211842537,0.5861292481422424,0.5514665246009827,-0.012057402171194553,0.5803089141845703,0.5743333697319031,-0.017569703981280327,0.5741148591041565,0.5902361273765564,-0.023937655612826347,0.59101802110672,0.5439204573631287,-0.026945512741804123,0.5817994475364685,0.5725302696228027,-0.03712081536650658,0.5756615996360779,0.5915930271148682,-0.04196212813258171,0.5707759857177734,0.6081455945968628,-0.0452934093773365,0.6029323935508728,0.5509735345840454,-0.028412936255335808,0.5969369411468506,0.5776340961456299,-0.03923550620675087,0.5939257144927979,0.5980119109153748,-0.04241573065519333,0.591779887676239,0.6149538159370422,-0.045009758323431015,0.6142569184303284,0.5551517605781555,-0.02885149046778679,0.614622950553894,0.580807626247406,-0.039930395781993866,0.6131395101547241,0.600348174571991,-0.04387897998094559,0.6115144491195679,0.618342399597168,-0.0463835708796978,0.6241483688354492,0.5577992796897888,-0.02883806824684143,0.634619414806366,0.5746196508407593,-0.03787852078676224,0.6408174633979797,0.583982527256012,-0.04132606461644173,0.6447682976722717,0.5953201055526733,-0.043668247759342194,9.99994079999999
0.6152686476707458,0.5181566476821899,0.0,0.598050057888031,0.5284826755523682,-0.0060941255651414394,0.5865757465362549,0.5510607361793518,-0.014015690423548222,0.5807697772979736,0.5733736753463745,-0.02009211853146553,0.5752096772193909,0.5899381041526794,-0.02705337107181549,0.5914246439933777,0.5412888526916504,-0.030815571546554565,0.5819787979125977,0.5708885788917542,-0.04189839959144592,0.5756441950798035,0.5910193920135498,-0.04707399383187294,0.5709075927734375,0.6078289151191711,-0.05052798241376877,0.603736162185669,0.5488279461860657,-0.03188057616353035,0.5977717638015747,0.5772932767868042,-0.04393196105957031,0.5945524573326111,0.5991610288619995,-0.04749515280127525,0.5925727486610413,0.6163750886917114,-0.05028804391622543,0.6151496171951294,0.55387282371521,-0.031696759164333344,0.61506587266922,0.5805917382240295,-0.043585311621427536,0.613054633140564,0.6009725332260132,-0.04777095839381218,0.61142897605896,0.6184265613555908,-0.050436925143003464,0.6246811747550964,0.5577662587165833,-0.031039396300911903,0.634718656539917,0.5745652318000793,-0.040563635528087616,0.6408065557479858,0.5839976668357849,-0.0442037470638752,0.644821047782898,0.5946381688117981,-0.046759407967329025,10.055630199999996
0.6135317087173462,0.5190039873123169,0.0,0.5975964665412903,0.5291057825088501,-0.006338292732834816,0.5868510007858276,0.5509439706802368,-0.014767590910196304,0.5814124941825867,0.5728464126586914,-0.02135605551302433,0.5759695172309875,0.5878754258155823,-0.028920864686369896,0.5914393663406372,0.5447554588317871,-0.03177540749311447,0.5813865661621094,0.5713862776756287,-0.044376082718372345,0.5746147632598877,0.5902923345565796,-0.050890181213617325,0.5694588422775269,0.6063436269760132,-0.05519187077879906,0.6032467484474182,0.5516265034675598,-0.03306843712925911,0.5962545871734619,0.576583981513977,-0.04607659950852394,0.593083381652832,0.597183108329773,-0.050584208220243454,0.591070294380188,0.6140795350074768,-0.0541212297976017,0.6145176887512207,0.5555123686790466,-0.033236462622880936,0.6142868399620056,0.5798417925834656,-0.04654121398925781,0.6127349734306335,0.6000017523765564,-0.05182965472340584,0.6111431121826172,0.6187120676040649,-0.055033471435308456,0.6242468357086182,0.5579075813293457,-0.03284811973571777,0.6358839273452759,0.5737655758857727,-0.04340709373354912,0.6426929235458374,0.5834569334983826,-0.047658294439315796,0.6466293931007385,0.5952924489974976,-0.050580017268657684,10.108313900000013
0.61520916223526,0.518237829208374,0.0,0.5980914235115051,0.5291553735733032,-0.005888189189136028,0.5865703225135803,0.5522483587265015,-0.013443405739963055,0.5803307294845581,0.5746014714241028,-0.019334105774760246,0.5736773014068604,0.5898817777633667,-0.026201508939266205,0.5912006497383118,0.5443937182426453,-0.029334986582398415,0.5823060274124146,0.5718560814857483,-0.040360789746046066,0.5762019157409668,0.5906984806060791,-0.045892197638750076,0.5714203715324402,0.6071540117263794,-0.04968538135290146,0.6035718321800232,0.5529565811157227,-0.030608801171183586,0.5975501537322998,0.576854407787323,-0.042330965399742126,0.5946971774101257,0.5974075794219971,-0.046202972531318665,0.5928797721862793,0.614441454410553,-0.04940201714634895,0.6152408719062805,0.5580152273178101,-0.030797874554991722,0.6150785684585571,0.5808044672012329,-0.04260539263486862,0.613754153251648,0.600698709487915,-0.04741552472114563,0.6125549674034119,0.6187946200370789,-0.050609245896339417,0.6251733899116516,0.5608404278755188,-0.030538063496351242,0.6347296237945557,0.5743370652198792,-0.04025103524327278,0.6409355998039246,0.5818540453910828,-0.04428912326693535,0.6451794505119324,0.5914115905761719,-0.047157011926174164,10.162389200000007
0.6152093410491943,0.5195997357368469,0.0,0.5982532501220703,0.5289053320884705,-0.005430995021015406,0.5867277383804321,0.5519828200340271,-0.012680258601903915,0.5805110931396484,0.5747646689414978,-0.018199516460299492,0.5741555094718933,0.5903513431549072,-0.024649856612086296,0.5917233824729919,0.5438439249992371,-0.02886863425374031,0.5822012424468994,0.5719103217124939,-0.039457496255636215,0.5757248997688293,0.5916866660118103,-0.04458039253950119,0.5707364082336426,0.6083768010139465,-0.048077236860990524,0.6036028265953064,0.551230788230896,-0.030134709551930428,0.5976568460464478,0.5769376158714294,-0.04124308377504349,0.5944952368736267,0.5981587171554565,-0.04444191977381706,0.5926235914230347,0.6153708696365356,-0.04717076197266579,0.6147730946540833,0.5557956695556641,-0.030255578458309174,0.6150462627410889,0.5791976451873779,-0.04138560965657234,0.6127645373344421,0.5992101430892944,-0.04533601552248001,0.610809862613678,0.6173874735832214,-0.048006098717451096,0.6243619918823242,0.5585439801216125,-0.029937541112303734,0.6351702809333801,0.574363112449646,-0.03911084681749344,0.6416821479797363,0.5835578441619873,-0.04265972226858139,0.6461119055747986,0.5943999886512756,-0.04518203064799309,10.214085100000005
0.6136542558670044,0.5202263593673706,0.0,0.5973917841911316,0.5310596227645874,-0.007079235278069973,0.5864546298980713,0.5524600744247437,-0.01628154143691063,0.5808156728744507,0.573833167552948,-0.023242516443133354,0.5752821564674377,0.5882461071014404,-0.03124474361538887,0.5914937257766724,0.5432268381118774,-0.03534339740872383,0.582044243812561,0.571097731590271,-0.048619888722896576,0.5751473903656006,0.5910382866859436,-0.055321402847766876,0.5698243975639343,0.607384979724884,-0.059788186103105545,0.6034473180770874,0.5506401062011719,-0.03659568354487419,0.5968649387359619,0.5759944915771484,-0.050607893615961075,0.5931150913238525,0.5966933965682983,-0.0552215501666069,0.5904166102409363,0.6133347749710083,-0.05891057476401329,0.614621639251709,0.5556071400642395,-0.036519549787044525,0.6142526865005493,0.5794773101806641,-0.050517551600933075,0.6118629574775696,0.600058376789093,-0.05567888915538788,0.6093140244483948,0.6189600825309753,-0.05894152447581291,0.6242610216140747,0.5590130090713501,-0.035878002643585205,0.6349595785140991,0.5750854015350342,-0.04730044677853584,0.6418348550796509,0.584662139415741,-0.05165986716747284,0.6459100842475891,0.5963156223297119,-0.05466960370540619,10.261991099999989
0.614342987537384,0.5178516507148743,0.0,0.5975785255432129,0.5283466577529907,-0.0057270522229373455,0.5860939621925354,0.5516751408576965,-0.013338365592062473,0.5798782706260681,0.5744536519050598,-0.01922515220940113,0.5734031796455383,0.590069591999054,-0.026071181520819664,0.5918719172477722,0.5432929396629333,-0.029968468472361565,0.5823695659637451,0.5713898539543152,-0.04092856124043465,0.5759552717208862,0.5910918712615967,-0.04622824490070343,0.571049690246582,0.6078197360038757,-0.04987584054470062,0.603836178779602,0.550662100315094,-0.031297147274017334,0.5977516174316406,0.5765433311462402,-0.04309150204062462,0.594456136226654,0.5978186130523682,-0.046656519174575806,0.5923808217048645,0.6154060363769531,-0.049589961767196655,0.6149612069129944,0.5549729466438293,-0.031432777643203735,0.6148644685745239,0.578906774520874,-0.04308885335922241,0.6126191020011902,0.5991896390914917,-0.04735596477985382,0.6107468008995056,0.617770791053772,-0.05019562318921089,0.6245239973068237,0.5575280785560608,-0.031115703284740448,0.6343514919281006,0.5734207034111023,-0.040701352059841156,0.6403471231460571,0.5834240317344666,-0.04453126713633537,0.6445057392120361,0.595114529132843,-0.04723966494202614,10.314234599999992
0.6143667101860046,0.5195803642272949,0.0,0.5982375741004944,0.5290366411209106,-0.005949534010142088,0.5867992043495178,0.550967812538147,-0.013534797355532646,0.5806447267532349,0.573417067527771,-0.019433623179793358,0.5745651721954346,0.5889577865600586,-0.0263061560690403,0.5910552144050598,0.5433270931243896,-0.02927587740123272,0.5816963911056519,0.5718374848365784,-0.040270302444696426,0.5756163597106934,0.5912578105926514,-0.04557877033948898,0.571038007736206,0.6080777049064636,-0.04920974373817444,0.6028780937194824,0.5517841577529907,-0.030671320855617523,0.5969442129135132,0.5780656933784485,-0.04214781895279884,0.593726634979248,0.5984656810760498,-0.04560573399066925,0.5915668606758118,0.6150921583175659,-0.048486243933439255,0.6141448616981506,0.5568562746047974,-0.031037043780088425,0.614029049873352,0.5818243026733398,-0.042838748544454575,0.6121280789375305,0.6013064384460449,-0.047285012900829315,0.6101757287979126,0.6192205548286438,-0.0501820370554924,0.6239705085754395,0.5598726868629456,-0.030962932854890823,0.634537935256958,0.5759212374687195,-0.04078070446848869,0.641266942024231,0.5842740535736084,-0.04459599032998085,0.645779550075531,0.5942911505699158,-0.047221630811691284,10.368002200000006
0.6136476397514343,0.5194610953330994,0.0,0.5970090627670288,0.5309340953826904,-0.0073128375224769115,0.5854989886283875,0.5526713132858276,-0.01635170169174671,0.5793242454528809,0.573582112789154,-0.023166965693235397,0.572452187538147,0.5869566202163696,-0.030969150364398956,0.5903788208961487,0.5453190803527832,-0.03495841845870018,0.5813412666320801,0.5714955925941467,-0.0482618547976017,0.5746390223503113,0.5910267233848572,-0.055111113935709,0.5694111585617065,0.6073365211486816,-0.05959776043891907,0.6025857925415039,0.5525612235069275,-0.03574494272470474,0.5963648557662964,0.5756416320800781,-0.04989094287157059,0.5930041074752808,0.5965508818626404,-0.05475367233157158,0.5906733274459839,0.613814115524292,-0.058491528034210205,0.6139155030250549,0.5565462708473206,-0.03528374060988426,0.6137475967407227,0.5787481665611267,-0.0495397225022316,0.6112746000289917,0.5989876389503479,-0.05535469949245453,0.6089248061180115,0.6177898645401001,-0.058813516050577164,0.6236137747764587,0.5590593814849854,-0.03423578664660454,0.6340054869651794,0.5737975239753723,-0.04562470316886902,0.6399692296981812,0.5840795040130615,-0.050511788576841354,0.6436136960983276,0.5964885354042053,-0.05383266508579254,10.41523570000001
0.613262951374054,0.5199103355407715,0.0,0.5969775319099426,0.5300599336624146,-0.006232096813619137,0.5859657526016235,0.5522651076316833,-0.014128371141850948,0.5801888704299927,0.5743207335472107,-0.020149091258645058,0.5746083855628967,0.5893034934997559,-0.027150958776474,0.5906200408935547,0.5442724823951721,-0.030972015112638474,0.5811581611633301,0.5715999603271484,-0.04244235157966614,0.5744776129722595,0.5911977291107178,-0.048190414905548096,0.5694816708564758,0.6079474687576294,-0.05211704969406128,0.6025232076644897,0.5524638891220093,-0.0321316234767437,0.5963386297225952,0.5774083733558655,-0.04421675205230713,0.5929245948791504,0.5982091426849365,-0.048094868659973145,0.5908570289611816,0.6153199076652527,-0.05130074545741081,0.6136220693588257,0.5572294592857361,-0.03212584927678108,0.6131743788719177,0.5800583958625793,-0.04424899443984032,0.6108103394508362,0.5995759963989258,-0.04894984886050224,0.608834981918335,0.6176720857620239,-0.0520518496632576,0.6232736706733704,0.5600176453590393,-0.03166159242391586,0.6332653164863586,0.5749049186706543,-0.041632361710071564,0.639539361000061,0.5836237668991089,-0.04567140340805054,0.6438839435577393,0.5944297909736633,-0.04852523282170296,10.457338600000014
0.6131224036216736,0.5190388560295105,0.0,0.5967949628829956,0.5289327502250671,-0.007806625682860613,0.5858854055404663,0.5503144860267639,-0.017017526552081108,0.581709086894989,0.571713387966156,-0.023701034486293793,0.5780858993530273,0.5863076448440552,-0.031131912022829056,0.5905869007110596,0.5430806279182434,-0.035577788949012756,0.580932080745697,0.5699448585510254,-0.048356734216213226,0.5739955902099609,0.5899094343185425,-0.05468422546982765,0.5688686966896057,0.6066733002662659,-0.05882861092686653,0.6028878688812256,0.5504583716392517,-0.03567676618695259,0.5967530608177185,0.5768274068832397,-0.04938887432217598,0.593111515045166,0.5978884696960449,-0.054067354649305344,0.5907906293869019,0.614829957485199,-0.05766832083463669,0.6140440702438354,0.5550417304039001,-0.03439703211188316,0.6137222051620483,0.5807313323020935,-0.04802975058555603,0.6111252903938293,0.6004062294960022,-0.053563956171274185,0.6088332533836365,0.6183210611343384,-0.056897904723882675,0.6231786012649536,0.5589675903320312,-0.03250851854681969,0.633564293384552,0.575321614742279,-0.04300224035978317,0.6396499872207642,0.5845916271209717,-0.04745331406593323,0.6432353258132935,0.5961282253265381,-0.0506247915327549,10.506661100000002
0.6132152080535889,0.518089234828949,0.0,0.5966770648956299,0.5287020802497864,-0.005580959841609001,0.5856829881668091,0.5513854622840881,-0.013079271651804447,0.5798801779747009,0.5732966065406799,-0.01888757385313511,0.5737922191619873,0.5889543890953064,-0.025659875944256783,0.5897652506828308,0.5451038479804993,-0.02940407581627369,0.5806947350502014,0.5726749897003174,-0.04058666154742241,0.5747330188751221,0.5920041799545288,-0.04610833898186684,0.5700156092643738,0.6084467768669128,-0.049753766506910324,0.6018203496932983,0.5532446503639221,-0.03067420795559883,0.5962256789207458,0.5792603492736816,-0.042386494576931,0.5931476950645447,0.6000800728797913,-0.04593675583600998,0.5909313559532166,0.6166578531265259,-0.04875459522008896,0.6132873892784119,0.5575342774391174,-0.03082851693034172,0.6133090853691101,0.581850528717041,-0.042640428990125656,0.611551821231842,0.6015222072601318,-0.04688781499862671,0.6099384427070618,0.6187430024147034,-0.04950304701924324,0.6231077909469604,0.5594165921211243,-0.030512602999806404,0.6335691213607788,0.5738913416862488,-0.039979010820388794,0.6400780081748962,0.5815969109535217,-0.043463610112667084,0.6444006562232971,0.590894341468811,-0.04580041766166687,10.558471800000007
0.6133193969726562,0.5190261006355286,0.0,0.5969704985618591,0.5292332172393799,-0.006004221271723509,0.585770845413208,0.5513550043106079,-0.01375848799943924,0.5798723101615906,0.5731222629547119,-0.0196954645216465,0.5740995407104492,0.5882750153541565,-0.026552071794867516,0.5901757478713989,0.5441159009933472,-0.030318601056933403,0.580623984336853,0.5720633864402771,-0.041476331651210785,0.5742393136024475,0.5916077494621277,-0.046918198466300964,0.5692957639694214,0.6082668900489807,-0.050604965537786484,0.6020130515098572,0.5521677732467651,-0.03152091056108475,0.595881462097168,0.5779467821121216,-0.043464064598083496,0.592327892780304,0.598930835723877,-0.047140248119831085,0.5899596214294434,0.6159591674804688,-0.050106797367334366,0.6132667660713196,0.5568791031837463,-0.03153881058096886,0.6130000352859497,0.5813445448875427,-0.04342014715075493,0.6109333038330078,0.6017310619354248,-0.04772193729877472,0.6091343760490417,0.6201050281524658,-0.050497572869062424,0.6230917572975159,0.5599344372749329,-0.031104587018489838,0.6329064965248108,0.5752133131027222,-0.040752556174993515,0.6390443444252014,0.5841174721717834,-0.04438447207212448,0.6431421041488647,0.5948542952537537,-0.04688669741153717,10.609734199999991
0.6133196949958801,0.51960289478302,0.0,0.5968304872512817,0.5294935703277588,-0.0071103558875620365,0.5862085819244385,0.5508257746696472,-0.015969883650541306,0.5810078978538513,0.5720953941345215,-0.022480815649032593,0.5758551955223083,0.5865585803985596,-0.029943645000457764,0.5903586745262146,0.5439266562461853,-0.03496856614947319,0.5807858109474182,0.5708768367767334,-0.0480351597070694,0.5740364193916321,0.5909850597381592,-0.05475347861647606,0.5690144896507263,0.6077068448066711,-0.059189166873693466,0.6022940278053284,0.552291989326477,-0.03568136692047119,0.5961622595787048,0.5780261158943176,-0.049561597406864166,0.592480480670929,0.5992637872695923,-0.05443316698074341,0.5900009274482727,0.6163011193275452,-0.05826842412352562,0.6133941411972046,0.5573034882545471,-0.03503970056772232,0.6126914024353027,0.581271231174469,-0.048930369317531586,0.6101164221763611,0.6013573408126831,-0.05461256951093674,0.6078473925590515,0.6197430491447449,-0.05809718370437622,0.622943103313446,0.5609298348426819,-0.03377292677760124,0.6330713629722595,0.5761615633964539,-0.04484027624130249,0.6392632126808167,0.584526777267456,-0.04947463050484657,0.6430634260177612,0.5950134992599487,-0.052703600376844406,10.6467399
0.6128921508789062,0.5196474194526672,0.0,0.5969527363777161,0.5294278264045715,-0.0056846593506634235,0.5860731601715088,0.551364541053772,-0.013011548668146133,0.580704391002655,0.5734566450119019,-0.01875297911465168,0.5753352046012878,0.5883419513702393,-0.025440121069550514,0.590190052986145,0.5457921624183655,-0.02828112244606018,0.580521285533905,0.5725551247596741,-0.039279863238334656,0.574551522731781,0.5917761921882629,-0.04487636685371399,0.5699711441993713,0.608589768409729,-0.04865643382072449,0.601940929889679,0.5536255836486816,-0.02964150160551071,0.5955873727798462,0.5787250399589539,-0.04096539318561554,0.5925688743591309,0.5992815494537354,-0.044629231095314026,0.5905110239982605,0.616367757320404,-0.047658782452344894,0.6132586002349854,0.5580450892448425,-0.030003797262907028,0.6127777695655823,0.5817052721977234,-0.04140893369913101,0.6111350655555725,0.6009795069694519,-0.04571188613772392,0.6095150113105774,0.6185807585716248,-0.048534292727708817,0.6232166290283203,0.5601667761802673,-0.02997031807899475,0.6332663297653198,0.5753858089447021,-0.03930744156241417,0.6395983099937439,0.5840719938278198,-0.042887136340141296,0.6437634229660034,0.5947467088699341,-0.04535900801420212,10.697601399999996
0.613717257976532,0.5187773108482361,0.0,0.5972416996955872,0.5290951728820801,-0.005547355394810438,0.586229681968689,0.5507053732872009,-0.013034915551543236,0.5806501507759094,0.5720536112785339,-0.01870325393974781,0.5753623843193054,0.5863518714904785,-0.02536282129585743,0.5902493596076965,0.5456757545471191,-0.030510472133755684,0.5805977582931519,0.5725944638252258,-0.041938863694667816,0.5745753645896912,0.5922553539276123,-0.0477733239531517,0.5700879693031311,0.6089973449707031,-0.05175374075770378,0.6018670797348022,0.5543784499168396,-0.03172963485121727,0.596215009689331,0.5779851675033569,-0.04413577914237976,0.5929689407348633,0.5984952449798584,-0.04838414490222931,0.5909139513969421,0.6148734092712402,-0.05179929733276367,0.6129601001739502,0.5591892004013062,-0.03170481324195862,0.6127908825874329,0.5810346603393555,-0.04418207332491875,0.6106842160224915,0.6006194949150085,-0.049508750438690186,0.6089820265769958,0.6181610822677612,-0.052897702902555466,0.622705340385437,0.5619702935218811,-0.031101098284125328,0.632482647895813,0.5754934549331665,-0.04137114807963371,0.6385607123374939,0.5836147665977478,-0.04590221121907234,0.6428016424179077,0.5935066938400269,-0.049057506024837494,10.748450300000002
0.6131839156150818,0.5190243124961853,0.0,0.5974624156951904,0.5279288291931152,-0.005592181347310543,0.5866901278495789,0.549347996711731,-0.013105296529829502,0.5821252465248108,0.5715444684028625,-0.018722359091043472,0.5788881778717041,0.5866485834121704,-0.025124328210949898,0.5907394886016846,0.5435383319854736,-0.029731452465057373,0.5802866220474243,0.5720292329788208,-0.040580470114946365,0.5738613605499268,0.5918328166007996,-0.04568084701895714,0.5689058899879456,0.6082736849784851,-0.04904162511229515,0.6021612286567688,0.5506161451339722,-0.030774177983403206,0.5956080555915833,0.5784347653388977,-0.04223387688398361,0.5919181704521179,0.5995177030563354,-0.04541594535112381,0.5894888043403625,0.616253137588501,-0.04800209775567055,0.6131929159164429,0.5551754236221313,-0.030606722459197044,0.6127773523330688,0.5819554924964905,-0.04202394559979439,0.610818088054657,0.6031501889228821,-0.0457964763045311,0.6090568900108337,0.6216095089912415,-0.04816543310880661,0.6228125691413879,0.5588231086730957,-0.02993140183389187,0.6326116919517517,0.5756498575210571,-0.03893555700778961,0.6387190222740173,0.5847797989845276,-0.04209168627858162,0.6425290107727051,0.5952390432357788,-0.044280726462602615,10.797091999999992
0.6126770377159119,0.5189712047576904,0.0,0.5966954827308655,0.5285665988922119,-0.005816450342535973,0.5857183337211609,0.5504444241523743,-0.01361311785876751,0.5801703333854675,0.5722959637641907,-0.019508466124534607,0.5750839710235596,0.586965799331665,-0.02621510997414589,0.5898467898368835,0.5439665913581848,-0.03043375536799431,0.5802730321884155,0.5710521340370178,-0.04180317372083664,0.5743046998977661,0.5908304452896118,-0.04725410044193268,0.5697487592697144,0.6079233884811401,-0.050825171172618866,0.601865828037262,0.5514980554580688,-0.03147679567337036,0.5953259468078613,0.5774706602096558,-0.04352690652012825,0.5920029878616333,0.5979796648025513,-0.04697374254465103,0.589680552482605,0.6147067546844482,-0.04965132847428322,0.6132180690765381,0.5560626983642578,-0.0313057117164135,0.6124658584594727,0.5809636116027832,-0.04339137673377991,0.6102578639984131,0.6009594202041626,-0.04740807041525841,0.6080942749977112,0.6192352771759033,-0.04977554827928543,0.6231092214584351,0.5592502355575562,-0.0305937509983778,0.6326231360435486,0.5753161907196045,-0.040086567401885986,0.6384348273277283,0.5842372179031372,-0.04340432956814766,0.6419270038604736,0.5950789451599121,-0.0456073060631752,10.838144099999994
0.6129491925239563,0.517403781414032,0.0,0.5964317917823792,0.5283465385437012,-0.008199780248105526,0.5858502388000488,0.5490241646766663,-0.017603056505322456,0.5814440250396729,0.5688443779945374,-0.024222975596785545,0.5776239633560181,0.5819637775421143,-0.031619228422641754,0.5897263884544373,0.544364869594574,-0.037273719906806946,0.579879105091095,0.5709290504455566,-0.05047301948070526,0.5729426741600037,0.5909389853477478,-0.05705194175243378,0.5677288770675659,0.6076909899711609,-0.06133868917822838,0.6018053889274597,0.5509071946144104,-0.037040818482637405,0.5954045653343201,0.5772989988327026,-0.051284804940223694,0.5916547179222107,0.5986769795417786,-0.05646517127752304,0.5890194773674011,0.6156999468803406,-0.06046526879072189,0.6130392551422119,0.5549173951148987,-0.03535119816660881,0.6130957007408142,0.5814398527145386,-0.049761734902858734,0.6109322905540466,0.6016529202461243,-0.05627841874957085,0.6088615655899048,0.6198833584785461,-0.060140401124954224,0.6221746802330017,0.5587581992149353,-0.03292886167764664,0.6326769590377808,0.575356125831604,-0.04418608546257019,0.6381301283836365,0.5854883193969727,-0.049556732177734375,0.6406418681144714,0.5979589223861694,-0.053378697484731674,10.890178100000014
0.6133313179016113,0.517511248588562,0.0,0.5969335436820984,0.5278496146202087,-0.005104526411741972,0.586117684841156,0.5498943328857422,-0.01226796768605709,0.580804705619812,0.5715104341506958,-0.017823798581957817,0.5754604339599609,0.5866899490356445,-0.024333016946911812,0.5897592306137085,0.5443482995033264,-0.02855551615357399,0.5800504684448242,0.5718567967414856,-0.039393775165081024,0.574073076248169,0.5913631916046143,-0.044884033501148224,0.5694876313209534,0.6082011461257935,-0.0486271046102047,0.6013059020042419,0.5521284937858582,-0.030066266655921936,0.5952566266059875,0.577257513999939,-0.04156169667840004,0.5922934412956238,0.597810685634613,-0.045254047960042953,0.5903764963150024,0.614709734916687,-0.048287443816661835,0.6124840378761292,0.556589663028717,-0.03043825551867485,0.6123393177986145,0.5800933837890625,-0.04196370765566826,0.6108974814414978,0.6001662015914917,-0.046463824808597565,0.6096353530883789,0.618101954460144,-0.04940637946128845,0.6223638653755188,0.558949887752533,-0.030312037095427513,0.6322804093360901,0.5734342932701111,-0.03977746516466141,0.6384853720664978,0.582100510597229,-0.043566204607486725,0.6426535248756409,0.592523992061615,-0.046209823340177536,10.940332500000011
0.6120551824569702,0.5173234939575195,0.0,0.5963653922080994,0.527570366859436,-0.006892601493746042,0.5859505534172058,0.5485262274742126,-0.015633923932909966,0.5816050171852112,0.5693978071212769,-0.021979881450533867,0.5779759883880615,0.5830084085464478,-0.029143430292606354,0.5902532935142517,0.5437905788421631,-0.034297920763492584,0.5796943306922913,0.56914222240448,-0.04681779071688652,0.5731439590454102,0.589049756526947,-0.05337213724851608,0.5683088302612305,0.6059078574180603,-0.05780477821826935,0.6019195914268494,0.5504776239395142,-0.03466750308871269,0.5946618318557739,0.5742883682250977,-0.04829888045787811,0.5910325050354004,0.5948203206062317,-0.05368668958544731,0.5886463522911072,0.6111970543861389,-0.057941608130931854,0.6128770112991333,0.5543109178543091,-0.03356952592730522,0.6118292808532715,0.5787023901939392,-0.04727177694439888,0.609822154045105,0.5990017056465149,-0.05371108278632164,0.60801100730896,0.617932140827179,-0.05773581936955452,0.622118353843689,0.5576014518737793,-0.03170051798224449,0.6317158341407776,0.5735693573951721,-0.04239474982023239,0.6376777291297913,0.5832201838493347,-0.04746653139591217,0.6411119699478149,0.595427393913269,-0.051171716302633286,10.9922081
0.6122738718986511,0.5176588296890259,0.0,0.5966354012489319,0.5270272493362427,-0.00635546026751399,0.5857865214347839,0.5473122596740723,-0.014283756725490093,0.5804553627967834,0.5679289698600769,-0.0201374851167202,0.5753424167633057,0.5819647312164307,-0.026782909408211708,0.5894156694412231,0.5425143837928772,-0.030865289270877838,0.5791641473770142,0.5697944760322571,-0.04188591241836548,0.5727753043174744,0.5890394449234009,-0.04729112982749939,0.567939281463623,0.606316864490509,-0.05094752460718155,0.6012175679206848,0.5502384305000305,-0.03152574598789215,0.5946109294891357,0.5764333605766296,-0.043090131133794785,0.5912795662879944,0.5970261693000793,-0.046776723116636276,0.5891323685646057,0.6139512062072754,-0.049805570393800735,0.6123735308647156,0.5547211170196533,-0.0309690460562706,0.6119468808174133,0.580240786075592,-0.04262888431549072,0.6104915738105774,0.600645124912262,-0.04723293334245682,0.6093407273292542,0.619255542755127,-0.050189562141895294,0.6218637824058533,0.5579720735549927,-0.02989831194281578,0.6314566731452942,0.5727653503417969,-0.03925668075680733,0.6374110579490662,0.5818596482276917,-0.04308187589049339,0.6412104368209839,0.5936205983161926,-0.04579722881317139,11.041649400000011
0.6118592023849487,0.5164284110069275,0.0,0.5959742665290833,0.5266073942184448,-0.006918000523000956,0.5852673053741455,0.5481361150741577,-0.01568894274532795,0.580286979675293,0.569108247756958,-0.02202029339969158,0.5760127902030945,0.5831260681152344,-0.029094954952597618,0.589333713054657,0.5414792895317078,-0.034637801349163055,0.5794277191162109,0.5687463283538818,-0.04719725623726845,0.5727238059043884,0.5888944864273071,-0.05340942367911339,0.5676561594009399,0.6056719422340393,-0.05743611603975296,0.6014500260353088,0.5481795072555542,-0.03490469604730606,0.5946785807609558,0.5746219158172607,-0.0480896420776844,0.5908185839653015,0.5959348082542419,-0.05241738259792328,0.5881887078285217,0.6129350066184998,-0.0558411106467247,0.6126356720924377,0.5523711442947388,-0.03374575451016426,0.6122655868530273,0.5787771940231323,-0.04673900827765465,0.6102339029312134,0.599879264831543,-0.051690421998500824,0.608497679233551,0.6188467144966125,-0.054717306047677994,0.6220018863677979,0.5561307668685913,-0.03192734718322754,0.6313577890396118,0.5730383992195129,-0.04189004376530647,0.6369166374206543,0.5831349492073059,-0.045967161655426025,0.6400780081748962,0.595518946647644,-0.04890432208776474,11.095726500000012
0.6128836274147034,0.5182215571403503,0.0,0.5958947539329529,0.5282865762710571,-0.006886590272188187,0.5851845741271973,0.5483171939849854,-0.016069957986474037,0.5809977650642395,0.5689009428024292,-0.022632230073213577,0.5773635506629944,0.5832797288894653,-0.030100084841251373,0.5890159606933594,0.542535126209259,-0.03710852935910225,0.5788658857345581,0.5691834092140198,-0.05063227191567421,0.5722896456718445,0.5898045301437378,-0.057505566626787186,0.5674745440483093,0.6065914034843445,-0.061967864632606506,0.6008419990539551,0.5500085353851318,-0.03767302259802818,0.5943141579627991,0.5763871669769287,-0.052668362855911255,0.5905638933181763,0.5978939533233643,-0.05807512626051903,0.5880539417266846,0.6142899394035339,-0.06217080354690552,0.6120341420173645,0.554502546787262,-0.036594171077013016,0.6107997298240662,0.579447865486145,-0.05154471471905708,0.6083359718322754,0.5999487638473511,-0.057735443115234375,0.6062989234924316,0.6178581714630127,-0.061326026916503906,0.6213077902793884,0.5585275292396545,-0.034662242978811264,0.6310518980026245,0.5730301141738892,-0.04616247117519379,0.6370717883110046,0.5809013247489929,-0.05097127705812454,0.6406060457229614,0.5909023880958557,-0.05430604889988899,11.15197520000001
0.6103788614273071,0.5184865593910217,0.0,0.5954868793487549,0.5278255343437195,-0.005895629990845919,0.5844597220420837,0.5491347312927246,-0.013796929270029068,0.5790157914161682,0.5706756114959717,-0.0197928324341774,0.5750137567520142,0.5856028199195862,-0.026538396254181862,0.5888876914978027,0.542481005191803,-0.029844949021935463,0.5787003636360168,0.5686913132667542,-0.041389573365449905,0.5724244713783264,0.5881250500679016,-0.04717889428138733,0.5675691962242126,0.6045927405357361,-0.050955526530742645,0.6004365086555481,0.5492300987243652,-0.03081326186656952,0.5931186079978943,0.5746932029724121,-0.04253588244318962,0.5898115634918213,0.5954995155334473,-0.04608961194753647,0.5875870585441589,0.6129956841468811,-0.04896273463964462,0.6117674708366394,0.5535747408866882,-0.030658742412924767,0.6104873418807983,0.5772984623908997,-0.04250779747962952,0.6083101630210876,0.5978641510009766,-0.04648249223828316,0.6062428951263428,0.6170593500137329,-0.04886804521083832,0.6217116713523865,0.5568332076072693,-0.03000243380665779,0.6308834552764893,0.5721835494041443,-0.039261456578969955,0.6366579532623291,0.58146071434021,-0.0424676388502121,0.6401330828666687,0.5931835770606995,-0.04462423920631409,11.20228259999999
0.6120423674583435,0.5175148844718933,0.0,0.5957188010215759,0.5267307758331299,-0.006010472308844328,0.5839994549751282,0.5476713180541992,-0.013768299482762814,0.5784406661987305,0.5687711238861084,-0.01949811354279518,0.5732895135879517,0.5835967063903809,-0.025890761986374855,0.588797390460968,0.5411355495452881,-0.03060503490269184,0.5783277750015259,0.5687077641487122,-0.0414058193564415,0.5719093084335327,0.5887691378593445,-0.046526748687028885,0.5670455694198608,0.6059994697570801,-0.04995502531528473,0.6004852056503296,0.5486171245574951,-0.03124936670064926,0.593611478805542,0.5737093091011047,-0.042922038584947586,0.5902714729309082,0.5951014161109924,-0.04641731455922127,0.5882272720336914,0.6125080585479736,-0.04920228198170662,0.611448347568512,0.5531811714172363,-0.03056279756128788,0.6113200187683105,0.5771383047103882,-0.04200664162635803,0.6093458533287048,0.5977181196212769,-0.04602795094251633,0.6076841950416565,0.6162674427032471,-0.04857968911528587,0.6208774447441101,0.5568549036979675,-0.02937297709286213,0.6296126842498779,0.5707752108573914,-0.03827082738280296,0.6349412798881531,0.5796648263931274,-0.04161229729652405,0.6382118463516235,0.5910631418228149,-0.043983712792396545,11.245760600000011
0.6093943119049072,0.5176839828491211,0.0,0.5942899584770203,0.5271336436271667,-0.007795816753059626,0.5837440490722656,0.5475985407829285,-0.01720971055328846,0.5795289874076843,0.5684421062469482,-0.023972226306796074,0.5767570734024048,0.5823380947113037,-0.03147972375154495,0.588231086730957,0.5405225157737732,-0.03602062538266182,0.5781280994415283,0.567167341709137,-0.04902607575058937,0.571435272693634,0.587137758731842,-0.055362191051244736,0.5660759210586548,0.6039639711380005,-0.05938803404569626,0.6001982688903809,0.5468418598175049,-0.03615197911858559,0.5931404232978821,0.5746485590934753,-0.04937750846147537,0.5898609161376953,0.5962140560150146,-0.05331934988498688,0.5873216986656189,0.6134569048881531,-0.056436024606227875,0.6114497780799866,0.5511466264724731,-0.03492920845746994,0.6104462146759033,0.5776402950286865,-0.04814433678984642,0.6079348921775818,0.598838210105896,-0.05268383398652077,0.6050605177879333,0.6182987689971924,-0.0553523525595665,0.6209351420402527,0.5543779730796814,-0.03312275558710098,0.6301576495170593,0.5711491107940674,-0.04329400137066841,0.6359578371047974,0.5811406970024109,-0.046949561685323715,0.6387401223182678,0.5935054421424866,-0.049472127109766006,11.295292899999993
0.6107576489448547,0.5144320130348206,0.0,0.5947461724281311,0.5249472856521606,-0.005112829152494669,0.583816409111023,0.5468009114265442,-0.01246254239231348,0.578491747379303,0.5682153105735779,-0.018068183213472366,0.5730578303337097,0.5833498239517212,-0.024343933910131454,0.5874822735786438,0.5413415431976318,-0.02832861617207527,0.5771998763084412,0.569281280040741,-0.03895331546664238,0.5708385109901428,0.5889350175857544,-0.04400121420621872,0.5656227469444275,0.6061742305755615,-0.04729360342025757,0.5992668867111206,0.5481300354003906,-0.029418567195534706,0.5927920937538147,0.5754221677780151,-0.040257859975099564,0.589759886264801,0.5962665677070618,-0.043013960123062134,0.587588906288147,0.613451361656189,-0.04524778574705124,0.610572338104248,0.5521593689918518,-0.029367927461862564,0.610521674156189,0.5779921412467957,-0.04018617793917656,0.608858585357666,0.5984194874763489,-0.04345551133155823,0.607363760471344,0.6168361306190491,-0.04544781893491745,0.6202770471572876,0.5546053051948547,-0.028844179585576057,0.6297670006752014,0.5692405700683594,-0.03733491525053978,0.6352468729019165,0.5776895880699158,-0.040135882794857025,0.6385188698768616,0.5886931419372559,-0.0420282781124115,11.33748940000001
0.6093176007270813,0.5148293972015381,0.0,0.5940780639648438,0.525807797908783,-0.006559123285114765,0.5836894512176514,0.5479646921157837,-0.015267322771251202,0.5794680714607239,0.5694149732589722,-0.021772507578134537,0.5768784284591675,0.583730161190033,-0.029023315757513046,0.5867778062820435,0.5427644848823547,-0.0334625169634819,0.5768224596977234,0.568955659866333,-0.046211522072553635,0.5704723000526428,0.5888872146606445,-0.05276048183441162,0.5654638409614563,0.6059437394142151,-0.05699510872364044,0.5987842679023743,0.549160897731781,-0.03410683944821358,0.5923001766204834,0.5742362141609192,-0.047351520508527756,0.5893415808677673,0.5958183407783508,-0.05162530019879341,0.5873830914497375,0.6136201024055481,-0.054944369941949844,0.6103371977806091,0.5526411533355713,-0.03344087302684784,0.6093864440917969,0.5764063596725464,-0.04630308225750923,0.6077532172203064,0.5967733860015869,-0.05074116215109825,0.6064948439598083,0.6150728464126587,-0.05337588116526604,0.6201978921890259,0.5552111864089966,-0.03222145885229111,0.6287292838096619,0.5701295137405396,-0.04205111041665077,0.6339887976646423,0.5797002911567688,-0.04568417742848396,0.6371548771858215,0.5916293859481812,-0.04820454493165016,11.389378499999992
0.6106048226356506,0.5172650814056396,0.0,0.5951132774353027,0.5267437696456909,-0.00754638621583581,0.5839592218399048,0.5472992062568665,-0.016679294407367706,0.5782822966575623,0.5676285624504089,-0.023206619545817375,0.5731070637702942,0.582177460193634,-0.030440736562013626,0.5874289870262146,0.539328932762146,-0.03530729562044144,0.5772571563720703,0.5672988891601562,-0.0479164756834507,0.5706390142440796,0.5878519415855408,-0.05410134419798851,0.5654801726341248,0.6060692071914673,-0.05812068656086922,0.599504828453064,0.5466117262840271,-0.03538716584444046,0.5930055379867554,0.573877215385437,-0.04838646575808525,0.5893805027008057,0.5948916077613831,-0.0523609034717083,0.5867331027984619,0.611793041229248,-0.0555461049079895,0.6107493042945862,0.551216185092926,-0.0341009683907032,0.6103283762931824,0.5782584547996521,-0.04693988710641861,0.6082466840744019,0.5991107821464539,-0.05147010460495949,0.6065534353256226,0.6178762316703796,-0.05425902456045151,0.6201712489128113,0.5554540753364563,-0.03223515301942825,0.6293705105781555,0.5715584754943848,-0.04210421442985535,0.6348730325698853,0.5807266235351562,-0.04587046056985855,0.6381723284721375,0.5925360918045044,-0.04857141524553299,11.430347399999988
0.6091464161872864,0.5181935429573059,0.0,0.5943595767021179,0.5268830060958862,-0.007263821549713612,0.5837783217430115,0.5474818348884583,-0.015711456537246704,0.5788739323616028,0.5691394209861755,-0.021993082016706467,0.575437068939209,0.5839014649391174,-0.029095536097884178,0.5875285863876343,0.5422781705856323,-0.031497031450271606,0.5776422023773193,0.567678689956665,-0.04371262714266777,0.5710756182670593,0.5868977308273315,-0.050121378153562546,0.565872073173523,0.6041299104690552,-0.054365623742341995,0.5990315079689026,0.5498523712158203,-0.03203124925494194,0.5922937393188477,0.5751881003379822,-0.04399314522743225,0.589410662651062,0.595562756061554,-0.04791802912950516,0.5872594714164734,0.6128422617912292,-0.05119304731488228,0.6102898120880127,0.5542879104614258,-0.03159790113568306,0.6095340847969055,0.5777756571769714,-0.04388894885778427,0.6075811386108398,0.5973892211914062,-0.048617053776979446,0.6053946614265442,0.6164513826370239,-0.05159320309758186,0.6202273964881897,0.5565209984779358,-0.03075605444610119,0.629997193813324,0.5715133547782898,-0.04067165404558182,0.6361286640167236,0.5804502367973328,-0.04454503208398819,0.6396725177764893,0.5924690365791321,-0.04722430557012558,11.477891199999988
0.6100242733955383,0.5149723887443542,0.0,0.5946351289749146,0.5255987644195557,-0.005814884789288044,0.5838690400123596,0.5477147102355957,-0.013354567810893059,0.578502357006073,0.5692604184150696,-0.019070284441113472,0.5734468102455139,0.5845192074775696,-0.02556690014898777,0.5877346992492676,0.5418853759765625,-0.029070699587464333,0.577581524848938,0.5689446330070496,-0.039844926446676254,0.571098268032074,0.5884422063827515,-0.04523814842104912,0.5660883784294128,0.6056744456291199,-0.04890178143978119,0.5992780923843384,0.5492907166481018,-0.030018502846360207,0.5928622484207153,0.573972761631012,-0.041265081614255905,0.5897915363311768,0.5946326851844788,-0.044700924307107925,0.5878410339355469,0.6118308305740356,-0.04752212390303612,0.6104773283004761,0.5535599589347839,-0.02982935681939125,0.6100346446037292,0.5774922370910645,-0.04105192795395851,0.6083556413650513,0.5972597599029541,-0.045012589544057846,0.6069408655166626,0.6153613328933716,-0.04760420322418213,0.620338499546051,0.5564699172973633,-0.029194282367825508,0.629758894443512,0.5708205103874207,-0.03813878074288368,0.6355304718017578,0.5790737271308899,-0.041404370218515396,0.6392189264297485,0.5896975994110107,-0.043721869587898254,11.518105300000002
0.6110699772834778,0.5174729824066162,0.0,0.5954274535179138,0.5266299843788147,-0.006039918400347233,0.5841834545135498,0.5477409362792969,-0.013634503819048405,0.5785992741584778,0.5690563917160034,-0.019293172284960747,0.5733304619789124,0.5843283534049988,-0.025670470669865608,0.5877671241760254,0.5414454936981201,-0.02945997379720211,0.5773535966873169,0.5686906576156616,-0.04033559560775757,0.5710075497627258,0.588069498538971,-0.04564836993813515,0.565974235534668,0.6054527759552002,-0.049203719943761826,0.5995357632637024,0.549324095249176,-0.03019746020436287,0.5928901433944702,0.5746870040893555,-0.04155304282903671,0.5898119211196899,0.5954758524894714,-0.04491642490029335,0.5878018140792847,0.6127669215202332,-0.04764809459447861,0.6108105182647705,0.5538709163665771,-0.029787713661789894,0.6105260848999023,0.5783346891403198,-0.04122445732355118,0.6094175577163696,0.5986331701278687,-0.045115429908037186,0.6084611415863037,0.6170588731765747,-0.04751689359545708,0.6204814910888672,0.5569772720336914,-0.02892126329243183,0.6295872926712036,0.5708853602409363,-0.03797483816742897,0.635326623916626,0.5784704089164734,-0.04121926799416542,0.6389064788818359,0.5886001586914062,-0.04342762380838394,11.56879029999999
0.6088045239448547,0.5169258713722229,0.0,0.5938818454742432,0.5274813175201416,-0.007409646641463041,0.5841330885887146,0.546553909778595,-0.016904061660170555,0.5807164311408997,0.5659821629524231,-0.023807929828763008,0.5786837339401245,0.5781029462814331,-0.03158556669950485,0.5883178114891052,0.5418292284011841,-0.03663378953933716,0.5778606534004211,0.5672363042831421,-0.05008381977677345,0.5707905888557434,0.5868143439292908,-0.057091034948825836,0.5653737783432007,0.6033322811126709,-0.061762478202581406,0.600360631942749,0.5476976633071899,-0.037167567759752274,0.5927707552909851,0.5744622349739075,-0.05142217129468918,0.5891549587249756,0.5951661467552185,-0.05694872513413429,0.5865721106529236,0.6115713715553284,-0.061266493052244186,0.6114788055419922,0.5513498187065125,-0.036194633692502975,0.6100327372550964,0.5778031349182129,-0.05073042958974838,0.6077407598495483,0.5979326963424683,-0.057235654443502426,0.6053509712219238,0.616834282875061,-0.06117025762796402,0.6207675337791443,0.5545013546943665,-0.03440777584910393,0.6303375959396362,0.571178674697876,-0.045675139874219894,0.6363232135772705,0.5809714198112488,-0.05066077411174774,0.6393195986747742,0.5935654044151306,-0.054269079118967056,11.621511499999997
0.6137879490852356,0.5163161158561707,0.0,0.5970392823219299,0.524310827255249,-0.006256262771785259,0.5850331783294678,0.5447474718093872,-0.013665907084941864,0.5789934992790222,0.5661759972572327,-0.019014954566955566,0.5734121203422546,0.5812073349952698,-0.02510945126414299,0.5890575647354126,0.5396019220352173,-0.02992793545126915,0.5778562426567078,0.5672850012779236,-0.04045975208282471,0.571542501449585,0.5870229601860046,-0.04552534595131874,0.567101001739502,0.6039974093437195,-0.048939138650894165,0.6003779768943787,0.5493607521057129,-0.030415328219532967,0.5934275984764099,0.5747985243797302,-0.04154802858829498,0.5905177593231201,0.5958398580551147,-0.04510033503174782,0.5892398357391357,0.612825334072113,-0.04802527651190758,0.6109905242919922,0.5550559163093567,-0.029697077348828316,0.610174298286438,0.5790096521377563,-0.04074767976999283,0.6088158488273621,0.5988657474517822,-0.04527214542031288,0.6082262396812439,0.6164104342460632,-0.048254601657390594,0.6200865507125854,0.5586053133010864,-0.028540773317217827,0.6291234493255615,0.5714641809463501,-0.03750188276171684,0.635040819644928,0.5790137648582458,-0.04133234918117523,0.6391840577125549,0.5889295339584351,-0.04406062513589859,11.671900999999991
0.6094997525215149,0.5188651084899902,0.0,0.5946933627128601,0.5275766253471375,-0.005741002969443798,0.5838789343833923,0.5475645065307617,-0.013543104752898216,0.5786055326461792,0.5688003301620483,-0.019458938390016556,0.5745925903320312,0.5829359292984009,-0.02621387504041195,0.5886239409446716,0.5414145588874817,-0.029393669217824936,0.5786443948745728,0.5670304894447327,-0.04088037461042404,0.5719539523124695,0.5861824154853821,-0.04670984670519829,0.5665631890296936,0.603054404258728,-0.0505051389336586,0.6002735495567322,0.5490905046463013,-0.030468394979834557,0.5930197238922119,0.5752509832382202,-0.04176200553774834,0.590018093585968,0.596062421798706,-0.04511132091283798,0.587978184223175,0.6134371757507324,-0.047891102731227875,0.6113866567611694,0.5541340112686157,-0.030501775443553925,0.6102724075317383,0.5781946182250977,-0.042258370667696,0.6076773405075073,0.5984495878219604,-0.046404652297496796,0.6049984693527222,0.617496132850647,-0.04890366271138191,0.620987594127655,0.5570078492164612,-0.030001124367117882,0.6305590867996216,0.5723496675491333,-0.03923576697707176,0.6365443468093872,0.5813201069831848,-0.04251968115568161,0.6398513913154602,0.5926743745803833,-0.04476772993803024,11.713947600000012
0.6112294793128967,0.5155004858970642,0.0,0.5952813625335693,0.5255290865898132,-0.0064394790679216385,0.5840997099876404,0.5463210344314575,-0.014273413456976414,0.5787861943244934,0.5671408772468567,-0.020019305869936943,0.5736001133918762,0.5821085572242737,-0.026470374315977097,0.5881181955337524,0.5405257940292358,-0.030621612444519997,0.5775710344314575,0.5688759684562683,-0.041518837213516235,0.571122944355011,0.5887907147407532,-0.04673303663730621,0.5662041306495667,0.6062538027763367,-0.05018863081932068,0.5997762680053711,0.5473441481590271,-0.03110644966363907,0.5930822491645813,0.5749779939651489,-0.04235319420695305,0.5901030898094177,0.5959057807922363,-0.04577525705099106,0.5880706906318665,0.6129487156867981,-0.04858243837952614,0.6108448505401611,0.5516029000282288,-0.03039127215743065,0.610920786857605,0.5785008072853088,-0.04178899526596069,0.6094086766242981,0.5984739065170288,-0.04616120457649231,0.6078141331672668,0.6168465614318848,-0.0489538349211216,0.6203645467758179,0.5550402998924255,-0.029172342270612717,0.6299936175346375,0.5705146193504333,-0.03826330602169037,0.6354762315750122,0.5791847705841064,-0.04194336384534836,0.6383652687072754,0.5906462073326111,-0.04457031562924385,11.765382399999993
0.6111220121383667,0.5174928903579712,0.0,0.595308780670166,0.5267289876937866,-0.006326972506940365,0.5845575928688049,0.5468260645866394,-0.014671284705400467,0.5793780088424683,0.5674299001693726,-0.02096387930214405,0.575556755065918,0.5821158289909363,-0.028059151023626328,0.5884191393852234,0.540742039680481,-0.03162779659032822,0.5777041912078857,0.5675492882728577,-0.04373309016227722,0.5711241960525513,0.5874122381210327,-0.05001526698470116,0.5661105513572693,0.6044366955757141,-0.05412246286869049,0.5998854637145996,0.5485092997550964,-0.032513104379177094,0.5926299095153809,0.575114905834198,-0.04461808502674103,0.5895192623138428,0.5961767435073853,-0.04855502396821976,0.5872849822044373,0.6135957837104797,-0.05179978907108307,0.6110471487045288,0.5534743070602417,-0.0322050005197525,0.6092502474784851,0.5780879855155945,-0.04419441893696785,0.6071839928627014,0.5984166860580444,-0.0486108623445034,0.605322003364563,0.6169829964637756,-0.05149450525641441,0.6206872463226318,0.5569288730621338,-0.031387168914079666,0.6292688846588135,0.5713300704956055,-0.04072680324316025,0.6346602439880371,0.5794342756271362,-0.04416371509432793,0.6378284692764282,0.589881956577301,-0.04668547213077545,11.816553499999998
0.6105186939239502,0.5172511339187622,0.0,0.5955352187156677,0.526608943939209,-0.0063860188238322735,0.5847989320755005,0.5470936298370361,-0.01443785335868597,0.5797922015190125,0.5681195855140686,-0.020393429324030876,0.5765277743339539,0.5833348035812378,-0.027087269350886345,0.5883347988128662,0.5412837266921997,-0.030650880187749863,0.5780348777770996,0.5682961344718933,-0.042209722101688385,0.5716977119445801,0.5881874561309814,-0.04806245490908623,0.5667964220046997,0.6051868200302124,-0.05187521502375603,0.5996578931808472,0.5482770204544067,-0.03133361414074898,0.5930156707763672,0.5759859681129456,-0.04294358938932419,0.590064525604248,0.5975931882858276,-0.04658190906047821,0.5878945589065552,0.6150946021080017,-0.049591775983572006,0.6107959151268005,0.5528509616851807,-0.030878785997629166,0.6095354557037354,0.5780894756317139,-0.042425211519002914,0.6076568365097046,0.598834216594696,-0.046491581946611404,0.6057334542274475,0.6174634099006653,-0.049116894602775574,0.620554506778717,0.5561816692352295,-0.02995971590280533,0.6290466785430908,0.5712683796882629,-0.038997914642095566,0.6345331072807312,0.5792356729507446,-0.04220280423760414,0.6376028656959534,0.5893343687057495,-0.04450200870633125,11.863966300000016
0.6105802655220032,0.5169399380683899,0.0,0.5957934260368347,0.5252185463905334,-0.006942381616681814,0.5849128365516663,0.545711874961853,-0.01513710431754589,0.5804629325866699,0.5668408274650574,-0.021054554730653763,0.5777347087860107,0.5811132788658142,-0.027554692700505257,0.5882935523986816,0.5395256280899048,-0.030899910256266594,0.5776930451393127,0.5672430396080017,-0.04200110211968422,0.5715028047561646,0.5871294140815735,-0.04739225283265114,0.5667397379875183,0.6045172214508057,-0.050902288407087326,0.6005145311355591,0.5461950302124023,-0.030946478247642517,0.592790424823761,0.5750830173492432,-0.04202958568930626,0.5897049307823181,0.596550703048706,-0.04533029720187187,0.587559700012207,0.6142995357513428,-0.04808454588055611,0.6120736002922058,0.5508007407188416,-0.029846325516700745,0.610490620136261,0.5789015293121338,-0.04095678776502609,0.6085793972015381,0.5997462868690491,-0.04483737796545029,0.6066363453865051,0.6187966465950012,-0.04729480668902397,0.6218318939208984,0.5546861886978149,-0.02828010357916355,0.6290959715843201,0.5721145272254944,-0.03694896772503853,0.6336709856987,0.5809664726257324,-0.04013880342245102,0.6357587575912476,0.5922943949699402,-0.04242345690727234,11.9145216
0.6097350120544434,0.5171891450881958,0.0,0.5950862169265747,0.5270022749900818,-0.006444896105676889,0.5845507383346558,0.5481699705123901,-0.014523729681968689,0.5793496966362,0.5691291093826294,-0.020573094487190247,0.5753918290138245,0.5829874277114868,-0.027428334578871727,0.5881621241569519,0.5421876311302185,-0.03055763803422451,0.5779252648353577,0.5691477656364441,-0.04215000569820404,0.571664571762085,0.588821291923523,-0.04800919070839882,0.5666453838348389,0.6061745882034302,-0.05184578523039818,0.5998265147209167,0.5489535331726074,-0.031185971572995186,0.5927937626838684,0.5758764147758484,-0.04255025088787079,0.5897340178489685,0.5968148708343506,-0.04605140909552574,0.5875284671783447,0.6141542196273804,-0.04899848625063896,0.611178994178772,0.5529382228851318,-0.030743928626179695,0.6097979545593262,0.5793479681015015,-0.042408909648656845,0.6079886555671692,0.5997214317321777,-0.04670155793428421,0.6061950325965881,0.6185144782066345,-0.04940958321094513,0.6210561990737915,0.5556514859199524,-0.029794029891490936,0.6301232576370239,0.5722309350967407,-0.03904256969690323,0.6356477737426758,0.5810081958770752,-0.04253530874848366,0.6387891173362732,0.5921408534049988,-0.04499634727835655,11.958804000000015
0.6114891767501831,0.51819908618927,0.0,0.5952953100204468,0.5278283357620239,-0.006763058714568615,0.5842230319976807,0.5485599040985107,-0.015130165033042431,0.5785655975341797,0.5693353414535522,-0.021145083010196686,0.5730702877044678,0.5845219492912292,-0.02789129875600338,0.5881713032722473,0.5424595475196838,-0.03327697515487671,0.5777978301048279,0.5691699385643005,-0.045273616909980774,0.5713298320770264,0.5889968872070312,-0.0510503314435482,0.5662519335746765,0.6060954928398132,-0.05479714274406433,0.6000446081161499,0.549866259098053,-0.03362052142620087,0.5933889150619507,0.5752358436584473,-0.046704914420843124,0.5900394320487976,0.596464216709137,-0.05072006210684776,0.5877892374992371,0.6134144067764282,-0.05372489243745804,0.6112037301063538,0.5539520978927612,-0.03258295729756355,0.6107349991798401,0.5787205696105957,-0.045625943690538406,0.6090511083602905,0.5996970534324646,-0.05019969493150711,0.6077598929405212,0.6184500455856323,-0.05276680737733841,0.6207507252693176,0.5573116540908813,-0.03093133680522442,0.6302255988121033,0.5714127421379089,-0.04091501235961914,0.635905385017395,0.5796580910682678,-0.044630806893110275,0.6393584609031677,0.5902469754219055,-0.04710317775607109,12.011561599999993
0.6103541851043701,0.5186430215835571,0.0,0.5948817729949951,0.5293439030647278,-0.006968975067138672,0.5843256115913391,0.5494163632392883,-0.01610625348985195,0.5794094204902649,0.5694305896759033,-0.022885214537382126,0.575872004032135,0.5830825567245483,-0.030550317838788033,0.5881090760231018,0.5445505380630493,-0.035018738359212875,0.5781105160713196,0.5686947703361511,-0.04859987646341324,0.5716025829315186,0.5882890820503235,-0.055935248732566833,0.5668527483940125,0.6044664978981018,-0.060761708766222,0.5996954441070557,0.5519824624061584,-0.03569376841187477,0.5929946303367615,0.5746275186538696,-0.04989337548613548,0.5898747444152832,0.5955671072006226,-0.05534902215003967,0.5879113674163818,0.6126960515975952,-0.05962267890572548,0.6109442710876465,0.5561020970344543,-0.034990161657333374,0.6100834608078003,0.5776283740997314,-0.04913921281695366,0.6081100106239319,0.597961962223053,-0.05528560280799866,0.6063113808631897,0.6169637441635132,-0.05905068293213844,0.6206440925598145,0.5587007999420166,-0.03359343484044075,0.6302414536476135,0.5717847943305969,-0.04464761167764664,0.6361578702926636,0.5801394581794739,-0.04943374916911125,0.6396119594573975,0.5913637280464172,-0.05284147337079048,12.0621012
0.6114218831062317,0.517967939376831,0.0,0.5953335762023926,0.5275229215621948,-0.0060415915213525295,0.5844444632530212,0.5487611293792725,-0.01399290468543768,0.5794347524642944,0.5700088739395142,-0.019886309280991554,0.574557363986969,0.5851131677627563,-0.02658163756132126,0.5881608128547668,0.543428897857666,-0.03134184703230858,0.5779210329055786,0.5698291063308716,-0.04320767894387245,0.5714783668518066,0.5896154642105103,-0.04928726702928543,0.566387414932251,0.6067375540733337,-0.05328996106982231,0.5998294353485107,0.5510677695274353,-0.03209790959954262,0.5935874581336975,0.5763922929763794,-0.04474211856722832,0.5905264616012573,0.5976850390434265,-0.04899415746331215,0.5884528160095215,0.6148809790611267,-0.05228966474533081,0.610948920249939,0.5552669763565063,-0.03156584873795509,0.6107285022735596,0.580031156539917,-0.04412958398461342,0.6093541979789734,0.601065456867218,-0.04883842170238495,0.6081578731536865,0.6198750734329224,-0.05167277157306671,0.6204096674919128,0.557968020439148,-0.030447103083133698,0.6300081610679626,0.5719579458236694,-0.040156178176403046,0.6360076665878296,0.5797431468963623,-0.04383534938097,0.6396962404251099,0.5898168683052063,-0.04636743292212486,12.110184300000014
0.6103261709213257,0.5182521343231201,0.0,0.5951447486877441,0.5275256037712097,-0.006541212555021048,0.5842827558517456,0.5483819246292114,-0.014634624123573303,0.5792935490608215,0.5696377754211426,-0.0206875242292881,0.5756413340568542,0.5840045809745789,-0.027509385719895363,0.5874040126800537,0.5436030030250549,-0.030530601739883423,0.5776089429855347,0.5699679255485535,-0.04221725091338158,0.571635365486145,0.5897078514099121,-0.04812249168753624,0.5670090317726135,0.6069047451019287,-0.051956161856651306,0.5993273854255676,0.5509861707687378,-0.031231291592121124,0.5927495956420898,0.5770311951637268,-0.04297807812690735,0.590049147605896,0.5980178713798523,-0.04649418219923973,0.5879992246627808,0.6153136491775513,-0.04932693764567375,0.6109225153923035,0.5552107095718384,-0.030876319855451584,0.6095353364944458,0.5798309445381165,-0.04282388463616371,0.6077515482902527,0.6000307202339172,-0.046911537647247314,0.6057701706886292,0.6185212135314941,-0.049375757575035095,0.6211394667625427,0.5578637719154358,-0.03006477653980255,0.6298696994781494,0.5726554989814758,-0.039510756731033325,0.6353226900100708,0.5806437730789185,-0.04276668652892113,0.6382803916931152,0.5909804701805115,-0.04494301229715347,12.167736700000006
0.6110427975654602,0.5181127786636353,0.0,0.5949695706367493,0.5276666283607483,-0.008113841526210308,0.5840621590614319,0.5479804873466492,-0.017691634595394135,0.5796549916267395,0.5688658952713013,-0.024450315162539482,0.5765102505683899,0.582547664642334,-0.03202904388308525,0.5877296328544617,0.5417874455451965,-0.03767971321940422,0.5775318145751953,0.5684410333633423,-0.05125760659575462,0.5705768465995789,0.5892263650894165,-0.05816510692238808,0.5654981732368469,0.6066626310348511,-0.06265496462583542,0.5998984575271606,0.5499840974807739,-0.037582896649837494,0.5934699773788452,0.5755230784416199,-0.05176299810409546,0.5898537039756775,0.5966479182243347,-0.05663924664258957,0.5875027179718018,0.6131929755210876,-0.06048253923654556,0.6111711859703064,0.555009126663208,-0.036049701273441315,0.6099706888198853,0.5797690749168396,-0.05032854154706001,0.607210099697113,0.5996955633163452,-0.05627601593732834,0.6049332618713379,0.6176497340202332,-0.05987659841775894,0.6205807328224182,0.5592037439346313,-0.03382851555943489,0.6299752593040466,0.574577808380127,-0.044985681772232056,0.6358653903007507,0.5830074548721313,-0.04978916049003601,0.6394119262695312,0.5937852263450623,-0.053200237452983856,12.216629100000006
0.6118885278701782,0.5180737972259521,0.0,0.5956202149391174,0.5267152190208435,-0.006729313172399998,0.5845187306404114,0.5475580096244812,-0.015155639499425888,0.579211950302124,0.5688278079032898,-0.021400822326540947,0.5750939249992371,0.5833794474601746,-0.02850864827632904,0.5878332853317261,0.5427086353302002,-0.03300590068101883,0.5777015089988708,0.569481611251831,-0.045447248965501785,0.5711228251457214,0.5892910957336426,-0.05194166675209999,0.566195011138916,0.6063293814659119,-0.05622059106826782,0.5996384024620056,0.5511624813079834,-0.03356407582759857,0.5931107401847839,0.5765602588653564,-0.04639885574579239,0.5897178053855896,0.5975407361984253,-0.050848521292209625,0.5874507427215576,0.6146356463432312,-0.05441467463970184,0.6108666062355042,0.5560210347175598,-0.03286309912800789,0.6098414659500122,0.5802183747291565,-0.045607369393110275,0.6078282594680786,0.6000194549560547,-0.05083192139863968,0.6062409281730652,0.6178286075592041,-0.05412741005420685,0.6204981207847595,0.5594109892845154,-0.03159135580062866,0.6296037435531616,0.5735558271408081,-0.041593246161937714,0.6353816986083984,0.5816046595573425,-0.04577452689409256,0.6389467716217041,0.5921533703804016,-0.04876649007201195,12.264950800000008
0.6106098890304565,0.5191482305526733,0.0,0.5950760841369629,0.5263583660125732,-0.008740040473639965,0.5834757685661316,0.5445745587348938,-0.018625514581799507,0.5787100195884705,0.5646045804023743,-0.02574056200683117,0.5754467844963074,0.5774810314178467,-0.033571869134902954,0.5880109667778015,0.5400475859642029,-0.037266261875629425,0.5774669647216797,0.5658740997314453,-0.05062663182616234,0.5709798336029053,0.586199939250946,-0.05737217888236046,0.5662606358528137,0.6039426922798157,-0.06184455007314682,0.5997101068496704,0.5468968152999878,-0.0371285118162632,0.5924657583236694,0.5730724334716797,-0.05100439488887787,0.5889806151390076,0.593683123588562,-0.0557900071144104,0.5866143107414246,0.6099916696548462,-0.059633634984493256,0.6109181642532349,0.5513179898262024,-0.03567193076014519,0.6099530458450317,0.5769131779670715,-0.049590762704610825,0.6074408292770386,0.596527636051178,-0.055325064808130264,0.6048364043235779,0.614672839641571,-0.05886538699269295,0.6204208135604858,0.5549284219741821,-0.033639587461948395,0.6297740340232849,0.5716859102249146,-0.0446128211915493,0.6353809833526611,0.5820842385292053,-0.04940958693623543,0.6382911205291748,0.5951354503631592,-0.05283193662762642,12.315851400000014
0.6108397841453552,0.5165993571281433,0.0,0.5942487120628357,0.5254693627357483,-0.0060548726469278336,0.5830191969871521,0.5454077124595642,-0.014582177624106407,0.5780894756317139,0.566460371017456,-0.021026846021413803,0.5747466087341309,0.5815002918243408,-0.02833177149295807,0.5868607759475708,0.5399562120437622,-0.03313371539115906,0.5767692923545837,0.5659488439559937,-0.04593384638428688,0.5696287751197815,0.585116982460022,-0.05253632739186287,0.5641264915466309,0.6008915901184082,-0.05686991289258003,0.5986596345901489,0.5476500988006592,-0.03441687673330307,0.5921976566314697,0.5722968578338623,-0.04798368737101555,0.5887119770050049,0.5925341844558716,-0.05240048095583916,0.5863604545593262,0.6089312434196472,-0.05583156645298004,0.6099536418914795,0.5524908304214478,-0.03438325598835945,0.6093260049819946,0.5750194191932678,-0.04782157763838768,0.6065448522567749,0.5951707363128662,-0.05283311754465103,0.6037940382957458,0.6136900782585144,-0.05587625503540039,0.6197153925895691,0.5556797981262207,-0.03372678533196449,0.6291882395744324,0.5694913268089294,-0.0442030131816864,0.6350460052490234,0.5780953764915466,-0.04822101444005966,0.6385018229484558,0.5889489054679871,-0.05103415623307228,12.363518
0.6094850897789001,0.5164104104042053,0.0,0.5938286185264587,0.5243615508079529,-0.007866937667131424,0.5828250050544739,0.5423203110694885,-0.01733476109802723,0.5779210329055786,0.5620927810668945,-0.024390364065766335,0.5743438601493835,0.5753577947616577,-0.03230831027030945,0.5875576138496399,0.5372213125228882,-0.035409603267908096,0.5772063136100769,0.5618618726730347,-0.04881737008690834,0.5701932907104492,0.5814033150672913,-0.056113481521606445,0.5649215579032898,0.598357617855072,-0.06107581406831741,0.5988127589225769,0.5454297661781311,-0.03601933643221855,0.5920332670211792,0.5686966180801392,-0.049799609929323196,0.5883961915969849,0.5885481238365173,-0.054969701915979385,0.5857359766960144,0.6045423746109009,-0.05921924486756325,0.6096344590187073,0.5505090951919556,-0.03536736220121384,0.6091524958610535,0.5729568600654602,-0.04908914491534233,0.6064521074295044,0.5923548340797424,-0.054940078407526016,0.603563129901886,0.6106497049331665,-0.058774709701538086,0.6190291047096252,0.5536170601844788,-0.03417851775884628,0.6293265223503113,0.5682242512702942,-0.04509232938289642,0.6354619860649109,0.5772311091423035,-0.04978003725409508,0.6387954950332642,0.5889076590538025,-0.05324167013168335,12.4049033
0.6105091571807861,0.5119569301605225,0.0,0.5939713716506958,0.5205168128013611,-0.006213310174643993,0.5823600888252258,0.5417592525482178,-0.01402620691806078,0.5764634013175964,0.5632695555686951,-0.019987408071756363,0.5712811350822449,0.578395426273346,-0.026718908920884132,0.5870564579963684,0.5346894860267639,-0.029422469437122345,0.5768349170684814,0.5614373683929443,-0.04041688144207001,0.5701718330383301,0.580679178237915,-0.04608641192317009,0.5650123357772827,0.5975782871246338,-0.04999009892344475,0.5988792777061462,0.5429427027702332,-0.03034983202815056,0.5923929810523987,0.5682387948036194,-0.04174976050853729,0.5890856385231018,0.5883486270904541,-0.04550708457827568,0.5867037177085876,0.6052764058113098,-0.04867231473326683,0.6099671721458435,0.548261821269989,-0.03019661083817482,0.6091273427009583,0.5714950561523438,-0.04153050109744072,0.6065155267715454,0.5909674167633057,-0.04606154188513756,0.6040769219398499,0.6094372272491455,-0.04916045442223549,0.6194653511047363,0.5518487095832825,-0.029634498059749603,0.6279838681221008,0.5660738945007324,-0.038759514689445496,0.6332839727401733,0.5754575133323669,-0.042522039264440536,0.6366499662399292,0.5876879692077637,-0.045314230024814606,12.454037499999998
0.609512209892273,0.5135776400566101,0.0,0.5939403176307678,0.5216048359870911,-0.007974252104759216,0.5825778841972351,0.5408312678337097,-0.017482740804553032,0.5775801539421082,0.5607597827911377,-0.02447713539004326,0.5741323232650757,0.5737589597702026,-0.03224455937743187,0.5870988368988037,0.5329497456550598,-0.03530941531062126,0.5768569111824036,0.558716356754303,-0.048377275466918945,0.5698281526565552,0.578036367893219,-0.05512828379869461,0.564527153968811,0.5944924354553223,-0.0596127063035965,0.599088191986084,0.540973961353302,-0.035690415650606155,0.591895341873169,0.5671994686126709,-0.04920545220375061,0.5881963968276978,0.5873769521713257,-0.053884148597717285,0.5855775475502014,0.6038738489151001,-0.05764974653720856,0.6102159023284912,0.5464732646942139,-0.034805357456207275,0.6088104844093323,0.5713689923286438,-0.04815654456615448,0.6056780219078064,0.5905503034591675,-0.053364843130111694,0.6024850606918335,0.6087432503700256,-0.0566931813955307,0.6196053624153137,0.5506018400192261,-0.033393003046512604,0.6285035014152527,0.5665433406829834,-0.04370323196053505,0.6343452334403992,0.5755355358123779,-0.04778269678354263,0.6375417709350586,0.5873450040817261,-0.050794441252946854,12.493058700000006
0.6103032231330872,0.5106562376022339,0.0,0.5944513082504272,0.5193943977355957,-0.007452226243913174,0.583267092704773,0.5389409065246582,-0.016436845064163208,0.5780879855155945,0.5595650672912598,-0.023247120901942253,0.5741406083106995,0.5736565589904785,-0.030931729823350906,0.5878211259841919,0.5315799117088318,-0.03301672264933586,0.577492356300354,0.5573882460594177,-0.04558097943663597,0.5697963833808899,0.576214611530304,-0.05229119211435318,0.5638295412063599,0.5924091339111328,-0.056880444288253784,0.599480390548706,0.5398563742637634,-0.033936042338609695,0.592649519443512,0.5648128390312195,-0.046771399676799774,0.588831901550293,0.5845516920089722,-0.051303036510944366,0.58601975440979,0.6010167598724365,-0.05504981055855751,0.6104346513748169,0.545365035533905,-0.03374868258833885,0.6097038984298706,0.5686432123184204,-0.04654788225889206,0.6067174673080444,0.5879011750221252,-0.05172980576753616,0.6036010980606079,0.6063610315322876,-0.055206526070833206,0.6199890971183777,0.5488502979278564,-0.03314293920993805,0.6300193071365356,0.5636688470840454,-0.04342097043991089,0.6361120343208313,0.5725304484367371,-0.04755767062306404,0.6394855380058289,0.5841835141181946,-0.050611890852451324,12.540736600000002
0.6121903657913208,0.5094932913780212,0.0,0.5955868363380432,0.5175180435180664,-0.0068137855269014835,0.5837772488594055,0.5375340580940247,-0.015287131071090698,0.5785722732543945,0.5583310723304749,-0.021613644436001778,0.5753362774848938,0.5730301141738892,-0.02868581935763359,0.587555468082428,0.531644344329834,-0.03198322281241417,0.5770229697227478,0.5575476288795471,-0.04404832422733307,0.5698482990264893,0.5767621994018555,-0.050344835966825485,0.5645123720169067,0.5931679010391235,-0.054542623460292816,0.5993005037307739,0.5392974019050598,-0.032684922218322754,0.5927766561508179,0.5645750761032104,-0.04518328234553337,0.5894179344177246,0.5848947167396545,-0.04941385239362717,0.5872448682785034,0.6015945076942444,-0.052847858518362045,0.6105570197105408,0.5442160964012146,-0.03222472965717316,0.6095681190490723,0.5679724216461182,-0.04472227394580841,0.6067643761634827,0.5874300003051758,-0.04974290356040001,0.6041848659515381,0.6055794358253479,-0.05297929793596268,0.6201827526092529,0.5477820038795471,-0.03126540780067444,0.6293339729309082,0.5622197985649109,-0.04109646752476692,0.634796142578125,0.5709832310676575,-0.045117102563381195,0.6379201412200928,0.5824435949325562,-0.04805946350097656,12.593496899999991
0.609216034412384,0.5083083510398865,0.0,0.5942113995552063,0.5182678699493408,-0.006282289512455463,0.583502471446991,0.5384671688079834,-0.015078814700245857,0.5793254375457764,0.5591582655906677,-0.021916676312685013,0.576799213886261,0.5732305645942688,-0.029646137729287148,0.5889008045196533,0.5307871699333191,-0.03279321268200874,0.5787714123725891,0.5556032657623291,-0.04587617516517639,0.5721268057823181,0.5743347406387329,-0.05274200439453125,0.5672175884246826,0.5898987054824829,-0.057185299694538116,0.6004357933998108,0.5368192195892334,-0.0341806523501873,0.5935605764389038,0.563613772392273,-0.04762332886457443,0.5898510217666626,0.5843206644058228,-0.052240099757909775,0.587380051612854,0.6010303497314453,-0.0558338388800621,0.6111035943031311,0.5411658883094788,-0.03434710577130318,0.6106165051460266,0.5666452646255493,-0.04731009900569916,0.6073719263076782,0.5864670276641846,-0.0518844872713089,0.6041717529296875,0.6043575406074524,-0.0547487847507,0.6201701760292053,0.544041633605957,-0.03399628400802612,0.6297828555107117,0.5613818764686584,-0.04372340068221092,0.6357349753379822,0.5715874433517456,-0.04718584567308426,0.6390486359596252,0.5832831859588623,-0.049738284200429916,12.645332999999994
0.6141580939292908,0.5099902153015137,0.0,0.5968335270881653,0.5173536539077759,-0.007650468032807112,0.5845776200294495,0.5365294814109802,-0.016569649800658226,0.5785699486732483,0.5568134784698486,-0.02286379598081112,0.5736156105995178,0.5714808702468872,-0.029887795448303223,0.5901917219161987,0.5275875329971313,-0.035312242805957794,0.5788387656211853,0.5542657971382141,-0.04751953110098839,0.571341872215271,0.5743172764778137,-0.053399812430143356,0.5658486485481262,0.5910365581512451,-0.05724494531750679,0.6019122004508972,0.5367422699928284,-0.03528427332639694,0.5946882963180542,0.5629342198371887,-0.04859377443790436,0.5902907252311707,0.5841686129570007,-0.052842747420072556,0.5875523090362549,0.600655198097229,-0.056123215705156326,0.6124300360679626,0.542892336845398,-0.03379679098725319,0.6108417510986328,0.5681315660476685,-0.046714313328266144,0.6075782775878906,0.5884036421775818,-0.05152026191353798,0.6053109169006348,0.605758547782898,-0.05449949949979782,0.6209816932678223,0.5482434630393982,-0.031766824424266815,0.6292509436607361,0.5633394718170166,-0.04170171543955803,0.6347188353538513,0.5725756287574768,-0.04570149630308151,0.6383344531059265,0.5835521817207336,-0.04859596863389015,12.713824799999998
0.6105175614356995,0.511886477470398,0.0,0.5960073471069336,0.5190326571464539,-0.007347071077674627,0.5845219492912292,0.5384349822998047,-0.016106659546494484,0.5794791579246521,0.5591671466827393,-0.02270878106355667,0.5761836171150208,0.5732325911521912,-0.030192751437425613,0.5902429223060608,0.5293354988098145,-0.03207604959607124,0.5794399380683899,0.5541976690292358,-0.04473856836557388,0.5724400281906128,0.5730372667312622,-0.05137366056442261,0.5670453906059265,0.5890065431594849,-0.05566861107945442,0.6021050214767456,0.5345136523246765,-0.03260031342506409,0.5939010381698608,0.5623340606689453,-0.04574953019618988,0.5900036692619324,0.5839142203330994,-0.05054847151041031,0.5873428583145142,0.6012709140777588,-0.0541796013712883,0.6132063269615173,0.5391157269477844,-0.03200723975896835,0.6117575764656067,0.5669003129005432,-0.045265503227710724,0.6085668206214905,0.5876184105873108,-0.05014552175998688,0.6052764654159546,0.6062812209129333,-0.05294661223888397,0.6225373148918152,0.5432249903678894,-0.030906016007065773,0.6311278343200684,0.5636093020439148,-0.040976159274578094,0.63639235496521,0.5756846070289612,-0.04474123567342758,0.6388598084449768,0.5886934399604797,-0.04731806367635727,12.771225500000014
0.6134997010231018,0.509367823600769,0.0,0.5965580344200134,0.5170209407806396,-0.006706997752189636,0.5849987864494324,0.5373051166534424,-0.015008941292762756,0.5790388584136963,0.5581712126731873,-0.021168788895010948,0.5735670328140259,0.5725662112236023,-0.02807406708598137,0.5896151661872864,0.5295757055282593,-0.03188031166791916,0.5791619420051575,0.556488037109375,-0.04348307475447655,0.5717024207115173,0.5755746364593506,-0.04918075352907181,0.5659468770027161,0.5918041467666626,-0.0529647134244442,0.6014322638511658,0.5389045476913452,-0.03251716122031212,0.5945464372634888,0.5651454329490662,-0.044439464807510376,0.5909746885299683,0.5852832198143005,-0.04796960577368736,0.588516116142273,0.6016514897346497,-0.050880782306194305,0.6124278903007507,0.5451620817184448,-0.03194763511419296,0.6113237738609314,0.5688634514808655,-0.04373503848910332,0.6085436940193176,0.587800145149231,-0.04798731580376625,0.6059000492095947,0.6056149005889893,-0.05077157914638519,0.6216403245925903,0.5495079755783081,-0.030935538932681084,0.6306418180465698,0.563880205154419,-0.0403137169778347,0.6361491084098816,0.5723841190338135,-0.043878279626369476,0.6393120288848877,0.5836993455886841,-0.04644371569156647,12.819554799999992
0.611973226070404,0.5104226469993591,0.0,0.596972644329071,0.5170633792877197,-0.005825640633702278,0.5857434272766113,0.5366882681846619,-0.013386237435042858,0.5807468295097351,0.5578867793083191,-0.01910010352730751,0.5774899125099182,0.5728846788406372,-0.025615086778998375,0.5902919769287109,0.5302671194076538,-0.028880275785923004,0.5794669389724731,0.5570952892303467,-0.039698030799627304,0.572737991809845,0.5757434964179993,-0.044935502111911774,0.5676519870758057,0.5915712118148804,-0.04839526489377022,0.6015928387641907,0.5374259352684021,-0.029963603243231773,0.5940600037574768,0.5661826729774475,-0.041126348078250885,0.590274453163147,0.5865861177444458,-0.04441859945654869,0.5876350402832031,0.6029611229896545,-0.0470987930893898,0.612346887588501,0.5428436994552612,-0.029960377141833305,0.6108896732330322,0.5692884922027588,-0.04120401293039322,0.6077808141708374,0.5885485410690308,-0.04501096159219742,0.6044728755950928,0.6064247488975525,-0.04742961376905441,0.6217846870422363,0.5468809604644775,-0.02949020452797413,0.6306678652763367,0.5645521879196167,-0.03826240077614784,0.6366502046585083,0.5738162398338318,-0.04128999635577202,0.6399282813072205,0.584954023361206,-0.04344971477985382,12.859721699999994
0.6127151250839233,0.5100765228271484,0.0,0.5968719720840454,0.5179710388183594,-0.007035942282527685,0.5854406952857971,0.5367535948753357,-0.015903685241937637,0.5802291035652161,0.5565078258514404,-0.022397277876734734,0.5766876935958862,0.5694823265075684,-0.02961372397840023,0.5903615951538086,0.5311575531959534,-0.03324713557958603,0.5795761942863464,0.5564466714859009,-0.04539451375603676,0.5723301768302917,0.5755608677864075,-0.05167181044816971,0.5669487118721008,0.5918288230895996,-0.05583101511001587,0.6019856333732605,0.5384760499000549,-0.03360366076231003,0.5944858193397522,0.5653777718544006,-0.04599638655781746,0.5907890796661377,0.5859487056732178,-0.05035856366157532,0.588409960269928,0.6027377843856812,-0.05395122990012169,0.6127098798751831,0.5437782406806946,-0.03266160190105438,0.6111771464347839,0.5692136883735657,-0.045044783502817154,0.6079970598220825,0.5884258151054382,-0.05023207515478134,0.604993462562561,0.6065581440925598,-0.05361729487776756,0.621571958065033,0.5480608344078064,-0.031127260997891426,0.6306770443916321,0.5643888711929321,-0.04065677523612976,0.6363433599472046,0.5734235048294067,-0.04467514157295227,0.639404296875,0.5848828554153442,-0.047733139246702194,12.910233199999993
0.6130067706108093,0.509630024433136,0.0,0.5973762273788452,0.5173421502113342,-0.005474623758345842,0.5861197113990784,0.5368344783782959,-0.012703483924269676,0.5803741812705994,0.5577913522720337,-0.018244950100779533,0.5758944153785706,0.5733917355537415,-0.024542780593037605,0.5900775194168091,0.5324338674545288,-0.027498632669448853,0.5795649886131287,0.5588251352310181,-0.03820887580513954,0.5727875828742981,0.5775825381278992,-0.043639566749334335,0.56767338514328,0.5939153432846069,-0.04721462354063988,0.6012356877326965,0.5412219762802124,-0.028481002897024155,0.5942341685295105,0.5674827694892883,-0.03911907225847244,0.5911319851875305,0.588392436504364,-0.04240204766392708,0.5892690420150757,0.6055439114570618,-0.04514344409108162,0.612228274345398,0.5466815233230591,-0.02846037782728672,0.6109828352928162,0.5710424780845642,-0.039315275847911835,0.6091199517250061,0.5902441143989563,-0.043243568390607834,0.6074401140213013,0.6077370047569275,-0.04574693366885185,0.6217947006225586,0.5499680042266846,-0.028004836291074753,0.6307944059371948,0.5647715926170349,-0.03659776598215103,0.6365136504173279,0.5724430680274963,-0.039741821587085724,0.6400339007377625,0.5823004245758057,-0.04195430874824524,12.960013099999998
0.6143625378608704,0.5105119347572327,0.0,0.5977572798728943,0.5178375244140625,-0.00646509975194931,0.5862346887588501,0.5373848080635071,-0.014872274361550808,0.5811231136322021,0.5580817461013794,-0.020928477868437767,0.5775733590126038,0.5732742547988892,-0.02770203910768032,0.5899612307548523,0.5325223207473755,-0.03342356160283089,0.5793862342834473,0.5585058331489563,-0.04580916091799736,0.572681188583374,0.5784104466438293,-0.05206090584397316,0.5679161548614502,0.5951211452484131,-0.05604219436645508,0.6014531850814819,0.54105144739151,-0.033717572689056396,0.5942959785461426,0.5667440295219421,-0.04655597358942032,0.5905059576034546,0.5876880288124084,-0.050803184509277344,0.5882067084312439,0.6043861508369446,-0.05413111299276352,0.6123292446136475,0.5465763807296753,-0.03263193741440773,0.6106542348861694,0.5715913772583008,-0.045238394290208817,0.6080458760261536,0.5910729169845581,-0.050069816410541534,0.6060401201248169,0.6083367466926575,-0.053001079708337784,0.6213181018829346,0.5509043335914612,-0.030900564044713974,0.6296674013137817,0.5663519501686096,-0.040424246340990067,0.6351822018623352,0.5747729539871216,-0.04424658045172691,0.6385082006454468,0.5852853655815125,-0.04700545221567154,13.011130600000001
0.612786054611206,0.513840913772583,0.0,0.5976045727729797,0.5201004147529602,-0.007301485165953636,0.5859382152557373,0.5382063388824463,-0.015850480645895004,0.5804306268692017,0.5583422183990479,-0.02206803672015667,0.5764995813369751,0.5714558959007263,-0.02906426601111889,0.5899757146835327,0.5333670377731323,-0.03243304789066315,0.5790562629699707,0.5577004551887512,-0.0448417067527771,0.5718164443969727,0.5763454437255859,-0.05124571919441223,0.5661235451698303,0.5925682783126831,-0.05534346401691437,0.6014218330383301,0.5419270992279053,-0.03262295201420784,0.5935568809509277,0.5667729377746582,-0.0446130745112896,0.5903099179267883,0.5876308679580688,-0.04852883145213127,0.5882400274276733,0.6045066714286804,-0.05177708715200424,0.6123589873313904,0.5474095940589905,-0.03177053853869438,0.6109532117843628,0.5718652606010437,-0.04419928044080734,0.6087060570716858,0.5921232104301453,-0.04907827079296112,0.6064311265945435,0.6105005741119385,-0.05203832685947418,0.6215439438819885,0.5507324934005737,-0.03040345013141632,0.6305829882621765,0.5669005513191223,-0.04001150652766228,0.63653963804245,0.5758265256881714,-0.043887216597795486,0.6398796439170837,0.586428165435791,-0.04665008559823036,13.060749700000002
0.6119649410247803,0.512442946434021,0.0,0.5962182283401489,0.5204613208770752,-0.006967170163989067,0.5849002599716187,0.5391285419464111,-0.01568472385406494,0.5798582434654236,0.5590283870697021,-0.022120526060461998,0.5763199329376221,0.572293221950531,-0.02943168580532074,0.5892907977104187,0.5356377959251404,-0.03351761773228645,0.5792921185493469,0.5596227049827576,-0.04635636880993843,0.5725691318511963,0.5782645344734192,-0.05304056033492088,0.5676518082618713,0.5940777659416199,-0.05738399177789688,0.6008461117744446,0.5437563061714172,-0.034055981785058975,0.5939202308654785,0.5677535533905029,-0.04728049412369728,0.5905424952507019,0.5885537266731262,-0.05197380855679512,0.5883278846740723,0.6056703925132751,-0.05567556247115135,0.611862301826477,0.5485048890113831,-0.03338287025690079,0.6108636856079102,0.5718894600868225,-0.046986810863018036,0.6084650754928589,0.5918247103691101,-0.052774421870708466,0.6059472560882568,0.6104641556739807,-0.05619899928569794,0.6212044954299927,0.5515216588973999,-0.03205501660704613,0.631036102771759,0.5664237141609192,-0.04268655553460121,0.6370020508766174,0.5758519172668457,-0.04728804528713226,0.6402250528335571,0.5875585079193115,-0.05050449073314667,13.114004999999992
0.6147325038909912,0.5127256512641907,0.0,0.5978297591209412,0.5196501612663269,-0.006333441007882357,0.5859191417694092,0.5383324027061462,-0.01425702590495348,0.5802578330039978,0.559028148651123,-0.020029913634061813,0.5761180520057678,0.5748723745346069,-0.026507169008255005,0.5897736549377441,0.533495306968689,-0.03138130530714989,0.5787168145179749,0.5604405403137207,-0.04275192692875862,0.5719915628433228,0.5801947116851807,-0.04830894619226456,0.5671337246894836,0.5967090129852295,-0.05190087854862213,0.6012466549873352,0.5423910021781921,-0.03184021636843681,0.5941625833511353,0.5684569478034973,-0.04402899369597435,0.5903497338294983,0.589409589767456,-0.04777448996901512,0.5880532264709473,0.6059250831604004,-0.050664518028497696,0.6121244430541992,0.5481898784637451,-0.031024908646941185,0.6104270219802856,0.5726816654205322,-0.043159063905477524,0.6078405976295471,0.592673122882843,-0.04771626368165016,0.6059853434562683,0.6099808812141418,-0.05045117810368538,0.62127286195755,0.5527711510658264,-0.029654406011104584,0.6298270225524902,0.5668655037879944,-0.038961347192525864,0.6354268193244934,0.5746937990188599,-0.042590320110321045,0.6390775442123413,0.5841110944747925,-0.04513796046376228,13.168766199999993
0.6104733943939209,0.5150933265686035,0.0,0.5959768891334534,0.5228965282440186,-0.006986474618315697,0.5845967531204224,0.5415987372398376,-0.015562092885375023,0.5791980028152466,0.5618451833724976,-0.022076433524489403,0.5754431486129761,0.575733482837677,-0.029466578736901283,0.5892224311828613,0.537326991558075,-0.031207526102662086,0.5783595442771912,0.5601847171783447,-0.04397696256637573,0.5708402991294861,0.5778230428695679,-0.0510406456887722,0.5646349787712097,0.5933200716972351,-0.05568806082010269,0.6007106304168701,0.5450589060783386,-0.031895268708467484,0.5929023623466492,0.5693399310112,-0.044248323887586594,0.5895807147026062,0.5894666910171509,-0.04892289638519287,0.5870476961135864,0.606391191482544,-0.05274626985192299,0.611731767654419,0.5500237345695496,-0.03162359818816185,0.6107300519943237,0.5739625096321106,-0.044450871646404266,0.6085569858551025,0.5932141542434692,-0.04974376782774925,0.6059052348136902,0.611190140247345,-0.05296945944428444,0.6209458708763123,0.5524745583534241,-0.030847560614347458,0.6306344270706177,0.5688813328742981,-0.040911007672548294,0.6366944313049316,0.5777464509010315,-0.04499543458223343,0.6396352648735046,0.5887426137924194,-0.047854870557785034,13.219281599999988
0.6127431392669678,0.5151276588439941,0.0,0.5957289338111877,0.5233986973762512,-0.005978299770504236,0.5837681293487549,0.543039083480835,-0.013481980189681053,0.5776233673095703,0.5632157921791077,-0.019034652039408684,0.5714587569236755,0.5780594348907471,-0.02534925378859043,0.5891909599304199,0.535804033279419,-0.029915768653154373,0.5782431364059448,0.5613724589347839,-0.0406976081430912,0.5711309313774109,0.5798919796943665,-0.04616169258952141,0.5655781626701355,0.5958427786827087,-0.0498913936316967,0.6006667613983154,0.5448200702667236,-0.03061370737850666,0.5937498211860657,0.568536102771759,-0.04252595081925392,0.5898518562316895,0.5893791913986206,-0.04674914479255676,0.5873064398765564,0.6062741279602051,-0.05011172592639923,0.611391544342041,0.5505934953689575,-0.029994377866387367,0.6102511882781982,0.5724281072616577,-0.04169504716992378,0.6078680157661438,0.5919591784477234,-0.046460676938295364,0.6060509085655212,0.6091673374176025,-0.049515869468450546,0.6205017566680908,0.5549741983413696,-0.028879864141345024,0.6287698149681091,0.5679512023925781,-0.03812282532453537,0.6340966820716858,0.5770273208618164,-0.04200544208288193,0.6377712488174438,0.5880987644195557,-0.04477252438664436,13.269414100000006
0.6091510653495789,0.5138381123542786,0.0,0.5944470763206482,0.5232734084129333,-0.006889993324875832,0.5840328931808472,0.5431900024414062,-0.016039397567510605,0.5797748565673828,0.5643801093101501,-0.022922182455658913,0.5769824981689453,0.5787352323532104,-0.030654819682240486,0.589422345161438,0.5357789397239685,-0.03440706431865692,0.5789943933486938,0.5608559250831604,-0.04754020646214485,0.5718764066696167,0.5798587203025818,-0.0541832409799099,0.5666027069091797,0.5953112244606018,-0.058444056659936905,0.600909411907196,0.5430935621261597,-0.03526151925325394,0.5935137271881104,0.5690406560897827,-0.04864956811070442,0.5894770622253418,0.5893833637237549,-0.0529298335313797,0.5868194699287415,0.6053639054298401,-0.05627139285206795,0.6116582751274109,0.5479530692100525,-0.034803662449121475,0.6102830171585083,0.572944164276123,-0.048065539449453354,0.607231080532074,0.5929875373840332,-0.052582625299692154,0.6043317914009094,0.6111143827438354,-0.055271390825510025,0.6208134889602661,0.5512259006500244,-0.03376268595457077,0.6301292777061462,0.5682284235954285,-0.043837688863277435,0.6362972855567932,0.5781064033508301,-0.04730493947863579,0.6399580836296082,0.5896334052085876,-0.049744151532649994,13.319104299999992
0.6138587594032288,0.5127336978912354,0.0,0.5973450541496277,0.5199866890907288,-0.0059413788840174675,0.5854900479316711,0.5396579504013062,-0.012833211570978165,0.579299807548523,0.560897171497345,-0.01768338494002819,0.5735241770744324,0.5763526558876038,-0.023253625258803368,0.5899763703346252,0.534303605556488,-0.02882404439151287,0.5788285136222839,0.5615254640579224,-0.038859184831380844,0.5723910927772522,0.5807487368583679,-0.04360399767756462,0.5678158402442932,0.5973408222198486,-0.046837326139211655,0.6009665131568909,0.5447640419006348,-0.029264427721500397,0.5940618515014648,0.5702983140945435,-0.040164362639188766,0.5904738903045654,0.5909969806671143,-0.04357335343956947,0.5886675715446472,0.6072866916656494,-0.04633520543575287,0.611365556716919,0.5509724617004395,-0.028481123968958855,0.6102802157402039,0.5749472975730896,-0.03927292302250862,0.6081438660621643,0.5945278406143188,-0.04346906393766403,0.6069566607475281,0.6114760637283325,-0.04617658630013466,0.6203471422195435,0.5550615191459656,-0.027272164821624756,0.6289840340614319,0.5686394572257996,-0.03603949770331383,0.6346667408943176,0.5777184963226318,-0.039700962603092194,0.6388731598854065,0.5887200236320496,-0.042245663702487946,13.359135900000012
0.6116117238998413,0.5145125985145569,0.0,0.5962837934494019,0.5229766368865967,-0.006452326197177172,0.5855371356010437,0.5424510836601257,-0.015165765769779682,0.5807434320449829,0.5629469156265259,-0.02173794060945511,0.5775026679039001,0.5780365467071533,-0.029172595590353012,0.5898278951644897,0.5367841124534607,-0.032603032886981964,0.5789939165115356,0.5621229410171509,-0.045338671654462814,0.5720293521881104,0.581205427646637,-0.051826752722263336,0.5667772889137268,0.5975626111030579,-0.05588094890117645,0.6012530326843262,0.5436718463897705,-0.033484816551208496,0.5938903093338013,0.5709797143936157,-0.04606107622385025,0.590289831161499,0.5923148989677429,-0.0499061644077301,0.5879307985305786,0.6096669435501099,-0.0529324933886528,0.6123334169387817,0.5482721924781799,-0.033170584589242935,0.6104460954666138,0.5744092464447021,-0.04568498581647873,0.6075807213783264,0.5951842069625854,-0.049763914197683334,0.6050524115562439,0.6139405965805054,-0.05222826823592186,0.6217111945152283,0.5512808561325073,-0.03231457993388176,0.630279541015625,0.567900538444519,-0.0418391190469265,0.6358095407485962,0.577422559261322,-0.04491746425628662,0.639070987701416,0.5887068510055542,-0.047084566205739975,13.407624999999996
0.6129344701766968,0.513369083404541,0.0,0.5968788266181946,0.5227537155151367,-0.007172595709562302,0.5862459540367126,0.5420963168144226,-0.01652693562209606,0.5821317434310913,0.5626516938209534,-0.02337212860584259,0.579546332359314,0.5768669843673706,-0.03114262968301773,0.5893819332122803,0.5375092029571533,-0.036941975355148315,0.5792515873908997,0.5627622008323669,-0.05093306675553322,0.5726506114006042,0.5831375122070312,-0.058256879448890686,0.5681728720664978,0.5996683239936829,-0.06301748752593994,0.6009030938148499,0.5462364554405212,-0.037646591663360596,0.594459056854248,0.570762574672699,-0.05282910168170929,0.5905815362930298,0.5920624732971191,-0.05839720368385315,0.5881752371788025,0.6084503531455994,-0.06255556643009186,0.6117252707481384,0.550975501537323,-0.03687068819999695,0.610314130783081,0.5747184753417969,-0.05178000405430794,0.6080107688903809,0.5946782231330872,-0.05772183835506439,0.6062287092208862,0.6117268204689026,-0.06116998940706253,0.6207985281944275,0.5543120503425598,-0.03538858890533447,0.6302467584609985,0.56975257396698,-0.0468340665102005,0.6367408633232117,0.5781412124633789,-0.0514657124876976,0.6408587098121643,0.5879217982292175,-0.054663944989442825,13.453204099999994
0.6118461489677429,0.5145553946495056,0.0,0.5971775054931641,0.5225931406021118,-0.006329861935228109,0.5863330960273743,0.5424317717552185,-0.014413263648748398,0.5817228555679321,0.5633454322814941,-0.020376799628138542,0.5796521902084351,0.5772311687469482,-0.027119867503643036,0.5900359153747559,0.5371023416519165,-0.030810901895165443,0.5793202519416809,0.5637611150741577,-0.04200832173228264,0.5725938677787781,0.5830797553062439,-0.047496248036623,0.5674349665641785,0.5992857813835144,-0.05109848082065582,0.6012274026870728,0.543731153011322,-0.031468465924263,0.5941030979156494,0.5714545845985413,-0.04262378066778183,0.5904107689857483,0.5925772786140442,-0.045966651290655136,0.5880178809165955,0.609171450138092,-0.04885520413517952,0.6121924519538879,0.5482749938964844,-0.030962366610765457,0.6104940176010132,0.5755752921104431,-0.04222715646028519,0.6080772876739502,0.5962926149368286,-0.04627888649702072,0.6059170365333557,0.6146489381790161,-0.04897571727633476,0.6217928528785706,0.552190899848938,-0.029955994337797165,0.6305422186851501,0.5705173015594482,-0.03878896310925484,0.6364729404449463,0.5803967714309692,-0.042025528848171234,0.6402348875999451,0.5914772152900696,-0.04442773386836052,13.505748299999993
0.6126987338066101,0.5158064961433411,0.0,0.5968970656394958,0.5242951512336731,-0.007188229355961084,0.5860884785652161,0.5434792041778564,-0.016336364671587944,0.5813763737678528,0.5632314682006836,-0.022951854392886162,0.5781642198562622,0.5767241716384888,-0.030272914096713066,0.5897384881973267,0.5385939478874207,-0.03532546013593674,0.5793558359146118,0.564136803150177,-0.04828130081295967,0.572654664516449,0.5842002630233765,-0.05470363795757294,0.5678821206092834,0.6009048819541931,-0.05877647176384926,0.6013103723526001,0.5463417768478394,-0.03551069647073746,0.594314694404602,0.5726578235626221,-0.048982106149196625,0.5907179713249207,0.5939992666244507,-0.053403422236442566,0.5884618759155273,0.6108598709106445,-0.05681377649307251,0.6124005913734436,0.551230788230896,-0.034278180450201035,0.6109254956245422,0.5770270824432373,-0.04759267345070839,0.6084480285644531,0.5968226790428162,-0.05259997397661209,0.6063579320907593,0.6143876314163208,-0.055521730333566666,0.6216462254524231,0.5553479194641113,-0.03238726407289505,0.6309201717376709,0.5719448924064636,-0.04238317161798477,0.6365571618080139,0.5809932947158813,-0.04630929231643677,0.6397128105163574,0.5920113325119019,-0.049100540578365326,13.557402999999994
0.6120069622993469,0.5177347660064697,0.0,0.5965217351913452,0.52594393491745,-0.007087372243404388,0.5853431224822998,0.5460240840911865,-0.01551350113004446,0.5799696445465088,0.566627025604248,-0.021793808788061142,0.5757730007171631,0.5801517963409424,-0.02886897139251232,0.5895083546638489,0.5397570729255676,-0.03140706568956375,0.5793299078941345,0.5648472905158997,-0.043203204870224,0.5725739598274231,0.5839796662330627,-0.04930497333407402,0.5674312710762024,0.6005773544311523,-0.05331522226333618,0.6011285781860352,0.5473232865333557,-0.031735531985759735,0.5947260856628418,0.5729960799217224,-0.043604008853435516,0.5915740728378296,0.5936950445175171,-0.04763294383883476,0.5894478559494019,0.610634982585907,-0.05094565823674202,0.6124038696289062,0.552362322807312,-0.03096049092710018,0.61159747838974,0.5770477056503296,-0.042985789477825165,0.6088683009147644,0.596487820148468,-0.04783958941698074,0.6062042713165283,0.6145854592323303,-0.05093694105744362,0.6220476031303406,0.5560980439186096,-0.02971835806965828,0.6313945651054382,0.5726315975189209,-0.03917011246085167,0.6368675827980042,0.5820339918136597,-0.04304492846131325,0.6400628089904785,0.5937114357948303,-0.045836277306079865,13.610339799999991
0.6124180555343628,0.5165600776672363,0.0,0.5959873199462891,0.5264675617218018,-0.007522489409893751,0.5854012370109558,0.5467378497123718,-0.01698296144604683,0.5812402367591858,0.5670916438102722,-0.023820798844099045,0.5785645246505737,0.5810564160346985,-0.03156859800219536,0.5890864729881287,0.5420719981193542,-0.037394676357507706,0.5789957642555237,0.5673641562461853,-0.051315777003765106,0.5719595551490784,0.5868044495582581,-0.05849873274564743,0.5667369961738586,0.602449893951416,-0.06312458217144012,0.6010509729385376,0.5502097606658936,-0.03771894425153732,0.5947539210319519,0.5746574997901917,-0.05258166044950485,0.5909945964813232,0.5954352021217346,-0.05793493986129761,0.5884801745414734,0.6116418242454529,-0.06202886626124382,0.6122640371322632,0.5550028681755066,-0.03655703365802765,0.6115341782569885,0.5791352391242981,-0.05133095383644104,0.609077513217926,0.5992593169212341,-0.05754872411489487,0.6068658232688904,0.6172347068786621,-0.06122426688671112,0.6216196417808533,0.55874103307724,-0.03465905040502548,0.6312400698661804,0.5744894742965698,-0.04611305519938469,0.6372911334037781,0.5834380388259888,-0.051090773195028305,0.6408718228340149,0.5943536162376404,-0.0545937605202198,13.66195239999999
0.612511932849884,0.5178012251853943,0.0,0.5965011119842529,0.5255883932113647,-0.006448735017329454,0.5854305624961853,0.5460043549537659,-0.014199579134583473,0.5798024535179138,0.5670403838157654,-0.019954567775130272,0.5744996666908264,0.5822190046310425,-0.026495153084397316,0.5897560119628906,0.5401627421379089,-0.030003812164068222,0.5790607333183289,0.5670261979103088,-0.041012510657310486,0.572167694568634,0.5862683653831482,-0.046558886766433716,0.5669125318527222,0.603191077709198,-0.05028720572590828,0.6012998819351196,0.5495012998580933,-0.030554959550499916,0.5948438048362732,0.5750808119773865,-0.041892338544130325,0.5910345315933228,0.5956023931503296,-0.04554632678627968,0.5885113477706909,0.612236499786377,-0.048581626266241074,0.612280011177063,0.5553602576255798,-0.02997894398868084,0.6115239858627319,0.5802686214447021,-0.04130551218986511,0.6094083786010742,0.5997077226638794,-0.04565105214715004,0.6078006625175476,0.6168941259384155,-0.04850785434246063,0.6217105984687805,0.5596848726272583,-0.028987469151616096,0.6310325860977173,0.5753269791603088,-0.03807593137025833,0.6366861462593079,0.5846715569496155,-0.041752368211746216,0.6403696537017822,0.5960260033607483,-0.044392336159944534,13.709702700000008
0.612123966217041,0.5161421895027161,0.0,0.5958223938941956,0.5255764722824097,-0.0067236279137432575,0.5851215124130249,0.5466030836105347,-0.01522209495306015,0.5798758268356323,0.56723952293396,-0.021455612033605576,0.5751534104347229,0.5810384750366211,-0.028520531952381134,0.5892950892448425,0.5405754446983337,-0.03363208472728729,0.5790531635284424,0.5673302412033081,-0.046063169836997986,0.5719639658927917,0.5868462324142456,-0.05231519415974617,0.5665397047996521,0.603376030921936,-0.0563899427652359,0.6012795567512512,0.5491307973861694,-0.034123703837394714,0.5949655175209045,0.5751855969429016,-0.047101471573114395,0.590850830078125,0.5959218144416809,-0.05138019099831581,0.5879476070404053,0.6126295328140259,-0.05479162931442261,0.6123980283737183,0.554454505443573,-0.03328591585159302,0.6116858720779419,0.5795007944107056,-0.04612579941749573,0.6091219782829285,0.599105715751648,-0.05115151032805443,0.6069552302360535,0.6167265772819519,-0.05425276979804039,0.6216835379600525,0.5587426424026489,-0.03185972571372986,0.6309282779693604,0.5747284293174744,-0.04195232689380646,0.6364946961402893,0.584359884262085,-0.046157460659742355,0.6398682594299316,0.5963175892829895,-0.049133382737636566,13.761749900000012
0.6128078103065491,0.5191993117332458,0.0,0.596501350402832,0.5262646079063416,-0.006169736851006746,0.5853979587554932,0.54605633020401,-0.013761867769062519,0.5800502896308899,0.567001223564148,-0.019415194168686867,0.57514888048172,0.5819113254547119,-0.02587941288948059,0.5889898538589478,0.541073203086853,-0.02985299751162529,0.5789034366607666,0.5687023997306824,-0.0405370332300663,0.5723848342895508,0.5878258943557739,-0.04571719095110893,0.5673461556434631,0.6046813130378723,-0.049203913658857346,0.6007341146469116,0.5500652194023132,-0.030615324154496193,0.5943984389305115,0.5768089890480042,-0.04158570244908333,0.5908299088478088,0.5967318415641785,-0.04467903822660446,0.5884438157081604,0.6128370761871338,-0.04731161519885063,0.6118237376213074,0.5557429790496826,-0.030237536877393723,0.611172616481781,0.581034779548645,-0.04112006351351738,0.6095674633979797,0.6003879904747009,-0.04489825293421745,0.6082531213760376,0.6174255609512329,-0.04741036146879196,0.6214203834533691,0.5595477819442749,-0.0294711422175169,0.6307291388511658,0.5748815536499023,-0.03837147727608681,0.6366862654685974,0.5841412544250488,-0.0417194701731205,0.6405782699584961,0.5955350399017334,-0.04406214505434036,13.817976299999998
0.6124578714370728,0.5190181732177734,0.0,0.5965521335601807,0.5262613296508789,-0.006059117615222931,0.585454523563385,0.5464314818382263,-0.013659708201885223,0.5802092552185059,0.5683965086936951,-0.019373130053281784,0.5762845277786255,0.583287239074707,-0.025911061093211174,0.5895699262619019,0.5419788360595703,-0.029312308877706528,0.5786686539649963,0.568323016166687,-0.04034225270152092,0.5713320970535278,0.5868788957595825,-0.045953795313835144,0.5654194355010986,0.6032046675682068,-0.049746863543987274,0.6007913947105408,0.5501800775527954,-0.030233465135097504,0.5933061242103577,0.5757291316986084,-0.04130671173334122,0.5897275805473328,0.5961190462112427,-0.04479242116212845,0.5871977806091309,0.6134251952171326,-0.04776892066001892,0.6117684841156006,0.5554775595664978,-0.030091354623436928,0.6104813814163208,0.579892098903656,-0.04138808324933052,0.608047366142273,0.5998507738113403,-0.04572083055973053,0.6055739521980286,0.6187852025032043,-0.048592474311590195,0.6215097904205322,0.558865487575531,-0.02950526773929596,0.6309834122657776,0.5751920938491821,-0.0387040451169014,0.6366155743598938,0.5851802229881287,-0.04233203083276749,0.6397306323051453,0.5975483059883118,-0.04492074251174927,13.862081399999994
0.6116817593574524,0.5192602276802063,0.0,0.595841646194458,0.5268011689186096,-0.006616526283323765,0.5842440724372864,0.5485280752182007,-0.014300535432994366,0.5782012939453125,0.5703821182250977,-0.019998114556074142,0.5727382302284241,0.5849050283432007,-0.026462595909833908,0.5892281532287598,0.5415422320365906,-0.029680168256163597,0.5787289142608643,0.568639874458313,-0.04039950296282768,0.5720584392547607,0.5876840949058533,-0.045537419617176056,0.5668120384216309,0.6040217876434326,-0.0489518977701664,0.6008680462837219,0.5493377447128296,-0.030109679326415062,0.5940905213356018,0.5763840079307556,-0.041189905256032944,0.5904662609100342,0.5969420075416565,-0.04443949833512306,0.5878655314445496,0.6136467456817627,-0.047122202813625336,0.6120913028717041,0.5546164512634277,-0.02943384274840355,0.6112480163574219,0.580558717250824,-0.040412116795778275,0.6085141897201538,0.6001962423324585,-0.044251419603824615,0.6057642698287964,0.6181995868682861,-0.046766217797994614,0.6218435168266296,0.5587278604507446,-0.02838328294456005,0.630591869354248,0.576259434223175,-0.03725891560316086,0.6356838345527649,0.5867233872413635,-0.0405670702457428,0.6384782195091248,0.5994505882263184,-0.04285481944680214,13.907201100000009
0.6123834252357483,0.5176836848258972,0.0,0.5958385467529297,0.5262419581413269,-0.006379850674420595,0.584522008895874,0.5477988123893738,-0.01409950852394104,0.5791423916816711,0.5694363713264465,-0.01989058591425419,0.5745302438735962,0.5840543508529663,-0.026475295424461365,0.5889288187026978,0.5415316224098206,-0.030137455090880394,0.5784547328948975,0.5692938566207886,-0.04088297486305237,0.5716925263404846,0.5885248184204102,-0.04611916095018387,0.5665328502655029,0.605221688747406,-0.049679454416036606,0.6008403301239014,0.5493810772895813,-0.030887071043252945,0.5943079590797424,0.5770394802093506,-0.04207983613014221,0.5907703638076782,0.5975033044815063,-0.04544166475534439,0.5882975459098816,0.6143523454666138,-0.048282649368047714,0.612002968788147,0.5546251535415649,-0.03047993592917919,0.6111924648284912,0.5812121629714966,-0.04142400994896889,0.6083415150642395,0.6006622314453125,-0.04552074149250984,0.6055622696876526,0.6184917688369751,-0.048367854207754135,0.6216159462928772,0.5587037205696106,-0.029675688594579697,0.6304806470870972,0.5760889649391174,-0.038554996252059937,0.635529100894928,0.585972249507904,-0.04205343499779701,0.6382428407669067,0.5980576872825623,-0.0446384958922863,13.960345399999994
0.6124141216278076,0.5190412402153015,0.0,0.5958723425865173,0.5263389348983765,-0.005913435015827417,0.5845204591751099,0.5475412011146545,-0.013229002244770527,0.579060971736908,0.5694609880447388,-0.0186941958963871,0.5742315649986267,0.584086537361145,-0.024990081787109375,0.5887097716331482,0.5428743958473206,-0.02895090915262699,0.5780561566352844,0.5698918700218201,-0.039726149290800095,0.571420431137085,0.589000940322876,-0.04506043344736099,0.5662870407104492,0.6052942872047424,-0.048598431050777435,0.6003314256668091,0.5512306094169617,-0.02977137267589569,0.593596339225769,0.577686071395874,-0.04087485000491142,0.5900982618331909,0.598116934299469,-0.0442347414791584,0.5877012014389038,0.6147698163986206,-0.04701805114746094,0.6114498972892761,0.5565443634986877,-0.029504867270588875,0.6104075908660889,0.5814493894577026,-0.040602825582027435,0.6082408428192139,0.6010690331459045,-0.04465946555137634,0.6061923503875732,0.618643581867218,-0.04730461165308952,0.6210847496986389,0.5602471232414246,-0.028816508129239082,0.6301240921020508,0.5761375427246094,-0.03780773654580116,0.6356962323188782,0.5852115154266357,-0.04123246669769287,0.638980507850647,0.5963565111160278,-0.043617721647024155,14.010091899999992
0.6112493276596069,0.5175877213478088,0.0,0.5947781205177307,0.5271129012107849,-0.005821751430630684,0.5840003490447998,0.5481625199317932,-0.01400036457926035,0.5791116952896118,0.5693333745002747,-0.020241931080818176,0.5754173398017883,0.5840338468551636,-0.027372188866138458,0.5881286859512329,0.5437972545623779,-0.031765520572662354,0.5777408480644226,0.5696040391921997,-0.0439075343310833,0.5706257224082947,0.5885236263275146,-0.050132494419813156,0.5651006102561951,0.6044336557388306,-0.054258305579423904,0.599621593952179,0.5518776178359985,-0.0330062136054039,0.5930482149124146,0.5766316652297974,-0.045932140201330185,0.5890356302261353,0.5969699025154114,-0.05021688714623451,0.5861853957176208,0.6136757135391235,-0.05357445403933525,0.6107544302940369,0.5567647814750671,-0.03296501189470291,0.6097272634506226,0.5810691714286804,-0.045788634568452835,0.6071223020553589,0.6012579202651978,-0.050679225474596024,0.6047901511192322,0.6194737553596497,-0.05369100347161293,0.6204067468643188,0.5601770877838135,-0.03232567757368088,0.6298471689224243,0.5758498311042786,-0.04242384806275368,0.6354190111160278,0.5852552652359009,-0.04634423553943634,0.6387144327163696,0.5964691638946533,-0.04907718673348427,14.059043400000007
0.611303448677063,0.5192705392837524,0.0,0.5948973894119263,0.5275721549987793,-0.007506852503865957,0.5837991833686829,0.5470341444015503,-0.016083575785160065,0.5788280963897705,0.5670548677444458,-0.022169604897499084,0.5743104815483093,0.5807652473449707,-0.029069626703858376,0.5877031087875366,0.5429389476776123,-0.03408078849315643,0.5773172974586487,0.5694013237953186,-0.0462091788649559,0.5705057382583618,0.5889546275138855,-0.05237184464931488,0.5653342604637146,0.6058946251869202,-0.05648759379982948,0.5996325016021729,0.5516173243522644,-0.03418818861246109,0.5929944515228271,0.5771545767784119,-0.04727459326386452,0.5891619324684143,0.59781414270401,-0.051982272416353226,0.5865145921707153,0.6145805716514587,-0.05570807307958603,0.610798180103302,0.5568233132362366,-0.032960016280412674,0.6100823283195496,0.5819375514984131,-0.04606003314256668,0.6078706383705139,0.6019293665885925,-0.05178309977054596,0.6058556437492371,0.620040774345398,-0.0553598627448082,0.6201189756393433,0.56101393699646,-0.031148327514529228,0.6293056607246399,0.5759143829345703,-0.04154220595955849,0.6348621845245361,0.5848755836486816,-0.04621213674545288,0.6378987431526184,0.5964791774749756,-0.049546532332897186,14.100714600000003
0.6110871434211731,0.5186732411384583,0.0,0.5946279764175415,0.5271813273429871,-0.00620295712724328,0.5839408040046692,0.5478358864784241,-0.014460503123700619,0.579094648361206,0.5692527294158936,-0.020624471828341484,0.5752561092376709,0.5842854976654053,-0.027633948251605034,0.5875867009162903,0.5433826446533203,-0.032217442989349365,0.5771756768226624,0.5701592564582825,-0.04432673752307892,0.5702067017555237,0.5894551277160645,-0.050433117896318436,0.5648193955421448,0.6056036949157715,-0.05444997921586037,0.5991028547286987,0.5518729090690613,-0.0331960953772068,0.5924410820007324,0.5785271525382996,-0.04589512571692467,0.5884706974029541,0.5988210439682007,-0.050072550773620605,0.5856019854545593,0.6151866912841797,-0.053367868065834045,0.6102062463760376,0.5571584105491638,-0.03289422020316124,0.6093106269836426,0.5830011963844299,-0.04558788239955902,0.6070536375045776,0.6031731963157654,-0.05048062279820442,0.6048997640609741,0.6211578845977783,-0.053481459617614746,0.6197043061256409,0.5608234405517578,-0.031999897211790085,0.6296709179878235,0.5766395926475525,-0.041977811604738235,0.6357200145721436,0.5852009057998657,-0.04585165157914162,0.6391639709472656,0.5956445336341858,-0.048545483499765396,14.16065979999999
0.6100580096244812,0.5191060900688171,0.0,0.5932424664497375,0.5301859378814697,-0.007959233596920967,0.582329273223877,0.5504338145256042,-0.017233027145266533,0.5774360299110413,0.5697330236434937,-0.023992136120796204,0.5718762874603271,0.5828920602798462,-0.03180434927344322,0.5861241221427917,0.5460864305496216,-0.036540791392326355,0.5766819715499878,0.5702163577079773,-0.05035426467657089,0.5700132250785828,0.5893839001655579,-0.05803124979138374,0.5649356842041016,0.60566246509552,-0.06325533986091614,0.5982421040534973,0.5540235638618469,-0.036935094743967056,0.5921983122825623,0.575878381729126,-0.0521719753742218,0.5885034203529358,0.5966328978538513,-0.059017106890678406,0.5858242511749268,0.6136511564254761,-0.06441500037908554,0.6097239255905151,0.5585862994194031,-0.035946112126111984,0.6095919609069824,0.5805472731590271,-0.05133345350623131,0.6072084307670593,0.6004554629325867,-0.05963977426290512,0.6048840284347534,0.6189024448394775,-0.06491585820913315,0.6193947196006775,0.5618876218795776,-0.0341995507478714,0.6283865571022034,0.5760340094566345,-0.046655911952257156,0.6336857676506042,0.5853705406188965,-0.05340290442109108,0.6366400718688965,0.597178041934967,-0.058349255472421646,14.207690500000012
0.6100016832351685,0.5188294649124146,0.0,0.5938282608985901,0.5277979969978333,-0.006397937890142202,0.5830633640289307,0.5480825304985046,-0.01480927411466837,0.5782549381256104,0.5687918663024902,-0.020972784608602524,0.5751021504402161,0.5829441547393799,-0.02792711742222309,0.5869725942611694,0.5427122116088867,-0.03315706551074982,0.5763646960258484,0.5699295401573181,-0.04525670409202576,0.5694610476493835,0.5898789167404175,-0.051239095628261566,0.5643191933631897,0.6065533757209778,-0.05516200140118599,0.5988288521766663,0.5506611466407776,-0.03386010229587555,0.5923265814781189,0.5776705145835876,-0.0468420572578907,0.5882254838943481,0.5986931920051575,-0.050964176654815674,0.5855394005775452,0.6153780221939087,-0.05416444316506386,0.6100509166717529,0.5556305050849915,-0.03317909315228462,0.6090344190597534,0.5812953114509583,-0.04584015905857086,0.6062106490135193,0.6016467809677124,-0.0504705011844635,0.6039860844612122,0.6195681691169739,-0.053304195404052734,0.6194257736206055,0.5597802996635437,-0.03190616890788078,0.6287789940834045,0.5756040215492249,-0.04169495776295662,0.634283185005188,0.5850223302841187,-0.04546334594488144,0.6375346183776855,0.5965473055839539,-0.04812251403927803,14.245289500000013
0.610258936882019,0.5188671946525574,0.0,0.594430685043335,0.5272594094276428,-0.005600909702479839,0.5830493569374084,0.5484433770179749,-0.012678595259785652,0.5774467587471008,0.5702088475227356,-0.018095988780260086,0.57259601354599,0.5852689743041992,-0.0243416465818882,0.5862993001937866,0.5445061326026917,-0.02729920484125614,0.5757834315299988,0.5713275671005249,-0.037778619676828384,0.5694484114646912,0.5903697609901428,-0.043214838951826096,0.5644470453262329,0.6069764494895935,-0.04692377895116806,0.5977649688720703,0.5526227951049805,-0.028342999517917633,0.5909777283668518,0.5784124135971069,-0.039176709949970245,0.5876753330230713,0.5988602042198181,-0.04287261515855789,0.5853886604309082,0.6156859993934631,-0.04594150558114052,0.6090441942214966,0.5573275685310364,-0.028377188369631767,0.6082167029380798,0.582280158996582,-0.039303217083215714,0.6067188382148743,0.6024170517921448,-0.04362323135137558,0.6053223013877869,0.6204773187637329,-0.04647959768772125,0.6191016435623169,0.5601738691329956,-0.02800118550658226,0.6278643012046814,0.5757023096084595,-0.036887314170598984,0.6335232853889465,0.5847522020339966,-0.04041990265250206,0.6369986534118652,0.5959652066230774,-0.042909059673547745,14.308617900000002
0.6099667549133301,0.5196118950843811,0.0,0.5945517420768738,0.5276093482971191,-0.007166773546487093,0.5832297801971436,0.548266589641571,-0.0152925755828619,0.5777057409286499,0.5692822933197021,-0.021279368549585342,0.573395311832428,0.5830013751983643,-0.028033217415213585,0.5859724283218384,0.5446584820747375,-0.031035136431455612,0.5755406022071838,0.57039874792099,-0.04280329495668411,0.569113552570343,0.5893823504447937,-0.0488617867231369,0.5642396807670593,0.6058541536331177,-0.05282337963581085,0.597689151763916,0.5529726147651672,-0.031301937997341156,0.5903217792510986,0.5782926678657532,-0.04310828074812889,0.5870150327682495,0.5981312990188599,-0.047024670988321304,0.584650993347168,0.6147146224975586,-0.05016891285777092,0.6090661883354187,0.5577582716941833,-0.03055724874138832,0.6073912978172302,0.5830515027046204,-0.04246838018298149,0.6056731939315796,0.602448582649231,-0.04711098596453667,0.6040128469467163,0.620274543762207,-0.04998801276087761,0.6191509366035461,0.5608486533164978,-0.029391741380095482,0.627294659614563,0.5765945315361023,-0.038939740508794785,0.6326196193695068,0.585534930229187,-0.04273362457752228,0.6354929804801941,0.5970803499221802,-0.04532071575522423,14.363667300000003
0.6096198558807373,0.519299328327179,0.0,0.594328761100769,0.5274081826210022,-0.006787027698010206,0.5831922292709351,0.5484204292297363,-0.014983243308961391,0.5784256458282471,0.5698193907737732,-0.021003643050789833,0.5754165649414062,0.5841178297996521,-0.027706831693649292,0.586508572101593,0.5437073111534119,-0.03138786926865578,0.576121985912323,0.5702943205833435,-0.04301797226071358,0.5696701407432556,0.5899143815040588,-0.048801809549331665,0.5648251175880432,0.606725811958313,-0.05254663527011871,0.5982602834701538,0.5508853197097778,-0.031749263405799866,0.5911152362823486,0.5776724219322205,-0.043586038053035736,0.5873734951019287,0.5983214974403381,-0.04726887866854668,0.584810733795166,0.6154650449752808,-0.05022913217544556,0.6095333099365234,0.5554825067520142,-0.03095458447933197,0.6080763936042786,0.5819188952445984,-0.04258552938699722,0.6058529019355774,0.6020129323005676,-0.04669187217950821,0.6038606762886047,0.6202170848846436,-0.04927356541156769,0.6192669868469238,0.5593780875205994,-0.029706710949540138,0.627284586429596,0.5762532949447632,-0.038769710808992386,0.6322138905525208,0.5863041281700134,-0.042137421667575836,0.6347703337669373,0.5986661911010742,-0.04451485350728035,14.4130902
0.6085027456283569,0.5190380811691284,0.0,0.5934466123580933,0.5287603735923767,-0.006273048929870129,0.5829183459281921,0.5497710108757019,-0.014324234798550606,0.5782679915428162,0.5706683993339539,-0.020311441272497177,0.5753229260444641,0.5845652222633362,-0.027108648791909218,0.5855976343154907,0.5463034510612488,-0.03132577985525131,0.5753531455993652,0.5720116496086121,-0.04322778806090355,0.5689379572868347,0.591094970703125,-0.04928213730454445,0.5637882947921753,0.6075217723846436,-0.05324634164571762,0.5972250699996948,0.5529148578643799,-0.032065249979496,0.5903425216674805,0.5785381197929382,-0.04447949305176735,0.5870583057403564,0.5991727113723755,-0.04848579689860344,0.5848117470741272,0.616115391254425,-0.05160817131400108,0.6086722016334534,0.5566679835319519,-0.03162592649459839,0.6074718236923218,0.5818486213684082,-0.04405009374022484,0.6055750250816345,0.6020458936691284,-0.04856714606285095,0.6038609147071838,0.6202559471130371,-0.0512392520904541,0.6187418699264526,0.5593698024749756,-0.03064555674791336,0.6273115873336792,0.5758057832717896,-0.04046311229467392,0.63249671459198,0.5860955119132996,-0.04423056170344353,0.6352912187576294,0.5985684990882874,-0.04676356911659241,14.463661000000002
0.6083711385726929,0.5192660093307495,0.0,0.5932352542877197,0.5290662050247192,-0.007047656923532486,0.582832932472229,0.5494831800460815,-0.015930427238345146,0.5785577297210693,0.5702803730964661,-0.02227918989956379,0.5756814479827881,0.5847566723823547,-0.029349470511078835,0.5863558053970337,0.5442658066749573,-0.035233065485954285,0.5753042697906494,0.570796012878418,-0.047943130135536194,0.5684568285942078,0.5909534096717834,-0.054209157824516296,0.5632370710372925,0.6080604791641235,-0.05827545002102852,0.5980976223945618,0.5519551038742065,-0.035500213503837585,0.5905848145484924,0.5781697034835815,-0.04901815950870514,0.5863271355628967,0.5990902781486511,-0.05334431678056717,0.5832353830337524,0.6157454252243042,-0.0566878579556942,0.6093592047691345,0.5565249919891357,-0.03430285304784775,0.6078321933746338,0.5828381776809692,-0.047417812049388885,0.6054900288581848,0.6037971377372742,-0.05212876945734024,0.6035727858543396,0.6223833560943604,-0.05495347082614899,0.6190218329429626,0.560344398021698,-0.03246823698282242,0.6275743246078491,0.5764850378036499,-0.042522888630628586,0.6329134702682495,0.5863190293312073,-0.04635481536388397,0.635948121547699,0.5985946655273438,-0.04902763292193413,14.51495460000001
0.6093339323997498,0.5203508138656616,0.0,0.5925434827804565,0.5306219458580017,-0.006971033755689859,0.5817872285842896,0.55076664686203,-0.015789488330483437,0.5768716931343079,0.5708445906639099,-0.02214669995009899,0.5725805759429932,0.5842564105987549,-0.029516464099287987,0.5855062007904053,0.5458788871765137,-0.03587847948074341,0.5755585432052612,0.5713382363319397,-0.049058061093091965,0.5687035918235779,0.5908446907997131,-0.056123316287994385,0.5636963844299316,0.607200562953949,-0.060973890125751495,0.59760981798172,0.5547179579734802,-0.036618925631046295,0.5914039611816406,0.5775835514068604,-0.05138819292187691,0.587272047996521,0.5980740189552307,-0.05735454708337784,0.5845669507980347,0.6143361330032349,-0.0620265007019043,0.6089032292366028,0.5597241520881653,-0.03584808111190796,0.6080995202064514,0.5815411806106567,-0.050483569502830505,0.6055049896240234,0.60092693567276,-0.057453081011772156,0.603610634803772,0.6180828213691711,-0.06181827560067177,0.6184446811676025,0.5633697509765625,-0.034342579543590546,0.6275094747543335,0.5773337483406067,-0.046236321330070496,0.6331135034561157,0.5867506265640259,-0.052095383405685425,0.6367776393890381,0.5984119772911072,-0.05628889426589012,14.56785450000001
0.6106691956520081,0.5211488008499146,0.0,0.5945366024971008,0.5287728905677795,-0.006292731035500765,0.5832258462905884,0.5495163798332214,-0.013720636256039143,0.5774227380752563,0.5704720616340637,-0.01926214061677456,0.5720893740653992,0.5851019620895386,-0.025689199566841125,0.5860583186149597,0.5461708307266235,-0.029085742309689522,0.5755190849304199,0.573136031627655,-0.04020388051867485,0.5689308643341064,0.592036783695221,-0.04606302082538605,0.5638195872306824,0.6083717942237854,-0.050001371651887894,0.5975897312164307,0.5545452833175659,-0.029870597645640373,0.5910124182701111,0.5805525183677673,-0.0413920134305954,0.5874871015548706,0.6009783148765564,-0.045617543160915375,0.5850687623023987,0.617786169052124,-0.0490703284740448,0.6088946461677551,0.5592747926712036,-0.0296128261834383,0.6075716018676758,0.58384108543396,-0.04127158969640732,0.6055561304092407,0.6035256385803223,-0.04631737619638443,0.60389643907547,0.621354341506958,-0.04961613938212395,0.6188210844993591,0.562407374382019,-0.028902141377329826,0.62747722864151,0.576772928237915,-0.038286563009023666,0.6328312754631042,0.585387110710144,-0.04231259226799011,0.6360443830490112,0.5964322686195374,-0.045199669897556305,14.617481999999995
0.6069680452346802,0.5211529731750488,0.0,0.5932873487472534,0.530210554599762,-0.007999831810593605,0.5831918120384216,0.5492488145828247,-0.016922570765018463,0.5788632035255432,0.5689076781272888,-0.023193707689642906,0.576625645160675,0.5813186168670654,-0.030205154791474342,0.5867888331413269,0.5438606142997742,-0.03447912633419037,0.5759000182151794,0.5699704885482788,-0.0467757023870945,0.5690573453903198,0.5893774032592773,-0.05295395851135254,0.5637853741645813,0.6063956618309021,-0.05704856291413307,0.5982267260551453,0.5505191087722778,-0.034288663417100906,0.5902754664421082,0.5785162448883057,-0.046694573014974594,0.5863953828811646,0.5988536477088928,-0.05109548568725586,0.5835314989089966,0.6149995923042297,-0.054711874574422836,0.6092020273208618,0.5553252100944519,-0.03284402936697006,0.6074175834655762,0.5833740830421448,-0.04559805989265442,0.6047477126121521,0.6027464866638184,-0.051095880568027496,0.6018353700637817,0.6211363673210144,-0.05453122407197952,0.6187471151351929,0.5597845911979675,-0.030795183032751083,0.6276861429214478,0.5790645480155945,-0.04089689999818802,0.6330637335777283,0.5897919535636902,-0.04536599665880203,0.6353527903556824,0.6032328605651855,-0.04859811067581177,14.663315799999992
0.6110549569129944,0.5205435156822205,0.0,0.594642698764801,0.5279902219772339,-0.0056143044494092464,0.5828711986541748,0.5479857921600342,-0.012341335415840149,0.5771902799606323,0.5697280764579773,-0.017202051356434822,0.5722940564155579,0.5860003232955933,-0.022824959829449654,0.5864980220794678,0.5445440411567688,-0.027919087558984756,0.5758208632469177,0.5725250840187073,-0.03774356469511986,0.5698437094688416,0.5918559432029724,-0.04245924949645996,0.5654686093330383,0.6084887385368347,-0.04570077732205391,0.5976333618164062,0.5540107488632202,-0.028594471514225006,0.5910589694976807,0.5795199275016785,-0.0391932874917984,0.5877487063407898,0.6001731753349304,-0.04257342219352722,0.5859120488166809,0.6168208718299866,-0.04538881778717041,0.6082725524902344,0.5594517588615417,-0.028116276487708092,0.6072417497634888,0.5835311412811279,-0.0387575626373291,0.605588436126709,0.602823793888092,-0.04316147789359093,0.6045061945915222,0.6198205351829529,-0.04607381671667099,0.6176127195358276,0.5629633665084839,-0.027191614732146263,0.6266829967498779,0.5770185589790344,-0.03597038984298706,0.6323044300079346,0.586378276348114,-0.039880894124507904,0.6360878348350525,0.5978996753692627,-0.04265069589018822,14.715445799999998
0.6075969934463501,0.5222988724708557,0.0,0.5925171971321106,0.5319481492042542,-0.008681563660502434,0.5821139812469482,0.5515275001525879,-0.018486322835087776,0.578114926815033,0.5719296336174011,-0.02539741061627865,0.5759652256965637,0.5857632756233215,-0.033285144716501236,0.5854052305221558,0.5466758012771606,-0.038259658962488174,0.575506329536438,0.571311354637146,-0.05255566164851189,0.568865180015564,0.5911713242530823,-0.06000051274895668,0.5640977025032043,0.6073352694511414,-0.06473803520202637,0.597098171710968,0.554591178894043,-0.0382414236664772,0.589978814125061,0.5792007446289062,-0.05266859382390976,0.5865207314491272,0.6005849242210388,-0.05777076259255409,0.5841202139854431,0.6173551082611084,-0.06182652339339256,0.6083847284317017,0.5594780445098877,-0.03693648427724838,0.6064218878746033,0.5829267501831055,-0.05155683308839798,0.6038356423377991,0.6027304530143738,-0.05754269286990166,0.6011736989021301,0.6206366419792175,-0.061164144426584244,0.6180116534233093,0.5626856088638306,-0.03502814844250679,0.6269800662994385,0.5787707567214966,-0.046798840165138245,0.6330147981643677,0.5880966782569885,-0.05164465680718422,0.6364032626152039,0.5994038581848145,-0.05496701970696449,14.760949900000014
0.6099258661270142,0.5217025279998779,0.0,0.5938588380813599,0.5299276113510132,-0.0066011156886816025,0.5820068120956421,0.5506054759025574,-0.01426798477768898,0.5758560299873352,0.5715302228927612,-0.019958218559622765,0.5701448321342468,0.5873832702636719,-0.0264570489525795,0.5860589146614075,0.5460743308067322,-0.029868774116039276,0.5750423669815063,0.5721847414970398,-0.04087180644273758,0.5688170790672302,0.5911408066749573,-0.046387504786252975,0.5642322897911072,0.6076436638832092,-0.05009985342621803,0.5974205136299133,0.5545531511306763,-0.030436718836426735,0.5903795957565308,0.579400897026062,-0.042222823947668076,0.5869327187538147,0.599743127822876,-0.04624825716018677,0.5847363471984863,0.6163670420646667,-0.04944619908928871,0.6084044575691223,0.5595095157623291,-0.02989775873720646,0.6073429584503174,0.5834103226661682,-0.04158424213528633,0.605498731136322,0.6029474139213562,-0.04623081907629967,0.6040857434272766,0.620583176612854,-0.049211494624614716,0.618093729019165,0.5625734329223633,-0.02894490584731102,0.6263903975486755,0.5768711566925049,-0.03843102976679802,0.631726086139679,0.5856672525405884,-0.04233953729271889,0.6351751685142517,0.5968841910362244,-0.04504544287919998,14.8030172
0.6074092388153076,0.5232011079788208,0.0,0.5928829908370972,0.5305271744728088,-0.0079819206148386,0.5816649794578552,0.5504217147827148,-0.016782967373728752,0.5760380029678345,0.5711994171142578,-0.02322988212108612,0.5716699957847595,0.584756076335907,-0.03052426688373089,0.5854999423027039,0.5449416637420654,-0.032921191304922104,0.5753503441810608,0.5699312090873718,-0.045476995408535004,0.5691132545471191,0.5895637273788452,-0.05203245207667351,0.5645639896392822,0.6067672967910767,-0.05633043870329857,0.5970538258552551,0.5535528063774109,-0.0330444760620594,0.5897806286811829,0.5782639384269714,-0.04538916423916817,0.5864665508270264,0.598366916179657,-0.049654122442007065,0.5841543674468994,0.615064263343811,-0.05315030738711357,0.608318030834198,0.5586623549461365,-0.03217396140098572,0.6065036058425903,0.582970380783081,-0.04480927437543869,0.6040412187576294,0.6020883321762085,-0.04993460327386856,0.6015491485595703,0.6200991272926331,-0.05315035954117775,0.6182277798652649,0.561954915523529,-0.030881034210324287,0.6268980503082275,0.5782476663589478,-0.041112493723630905,0.6325197219848633,0.5880052447319031,-0.04535064473748207,0.6356586813926697,0.6003803014755249,-0.04828167334198952,14.857163600000007
0.6093128323554993,0.5185666084289551,0.0,0.5930011868476868,0.5279419422149658,-0.007177872583270073,0.5813891887664795,0.5487493276596069,-0.01582065224647522,0.5759518146514893,0.569383978843689,-0.022121991962194443,0.5713338851928711,0.584287166595459,-0.029223741963505745,0.5851857662200928,0.5441192984580994,-0.03417746350169182,0.5749321579933167,0.5706855654716492,-0.04671725258231163,0.568328857421875,0.5908066630363464,-0.05318048596382141,0.5635870695114136,0.6078065633773804,-0.05747226998209953,0.5971641540527344,0.5525416135787964,-0.034546710550785065,0.5905742049217224,0.5775577425956726,-0.04825855419039726,0.5866649150848389,0.5986443161964417,-0.05323420837521553,0.5840855240821838,0.6156008839607239,-0.057051971554756165,0.6084179282188416,0.5575448274612427,-0.03352871537208557,0.6075254082679749,0.5821355581283569,-0.046741604804992676,0.6049072742462158,0.6018545627593994,-0.05215390399098396,0.602717399597168,0.6195855736732483,-0.05555000901222229,0.61794114112854,0.5615378022193909,-0.03194868564605713,0.625863790512085,0.5766938328742981,-0.04229849949479103,0.6307829022407532,0.5860978364944458,-0.04672715812921524,0.6336051225662231,0.5980544686317444,-0.04989532753825188,14.908539300000001
0.6086198091506958,0.5207436680793762,0.0,0.5929424166679382,0.5287083387374878,-0.0065550897270441055,0.5820185542106628,0.5492339730262756,-0.014431074261665344,0.5766180753707886,0.5702229738235474,-0.020189041271805763,0.5728492736816406,0.5854965448379517,-0.026653574779629707,0.5847687721252441,0.5455769300460815,-0.03059670515358448,0.5749801397323608,0.5729842782020569,-0.04194432869553566,0.5689701437950134,0.5923617482185364,-0.04739554598927498,0.564253568649292,0.6088307499885559,-0.05078059434890747,0.5967475175857544,0.552413821220398,-0.030848298221826553,0.5899745225906372,0.5808567404747009,-0.04226388409733772,0.5869724750518799,0.6021394729614258,-0.0453946553170681,0.5848909616470337,0.6192537546157837,-0.047817934304475784,0.6083159446716309,0.5564865469932556,-0.02998119406402111,0.6068857908248901,0.583460807800293,-0.04140826314687729,0.6051806807518005,0.60381680727005,-0.045005932450294495,0.6036589741706848,0.6217983365058899,-0.04703806713223457,0.6182217001914978,0.5595359206199646,-0.028657926246523857,0.6261311769485474,0.5765765905380249,-0.03762315586209297,0.630776047706604,0.5868185758590698,-0.040682751685380936,0.6331532001495361,0.5989350080490112,-0.04264029860496521,14.96027140000001
0.607238233089447,0.5218501091003418,0.0,0.5923053026199341,0.5297589302062988,-0.008323284797370434,0.5812041163444519,0.5497254133224487,-0.017525477334856987,0.5764048099517822,0.5705445408821106,-0.024054018780589104,0.5733757615089417,0.5848926901817322,-0.03126300871372223,0.5848155617713928,0.5442180633544922,-0.03546648100018501,0.5744920969009399,0.5699679851531982,-0.04853374511003494,0.568091869354248,0.5900198817253113,-0.05510025471448898,0.5635123252868652,0.6074471473693848,-0.059277404099702835,0.5967282652854919,0.5523113012313843,-0.03509366512298584,0.5892915725708008,0.5776466727256775,-0.04820403829216957,0.585770308971405,0.5981466174125671,-0.05240136384963989,0.5834172964096069,0.6148281097412109,-0.055698372423648834,0.6078732013702393,0.5572148561477661,-0.03352072462439537,0.6062228679656982,0.5821539163589478,-0.04659485071897507,0.6037091612815857,0.601145327091217,-0.051436424255371094,0.6013398766517639,0.6187859773635864,-0.05429663509130478,0.6174414753913879,0.5611067414283752,-0.031454313546419144,0.6256840229034424,0.5777182579040527,-0.04166214168071747,0.6309641599655151,0.5879085063934326,-0.04570749029517174,0.6337385773658752,0.6008195877075195,-0.04846556857228279,15.007618799999989
0.6081258654594421,0.5206258296966553,0.0,0.5929190516471863,0.5283419489860535,-0.006094162818044424,0.5814365148544312,0.5496363639831543,-0.013289921917021275,0.5760968327522278,0.5715174078941345,-0.01868303306400776,0.5716854333877563,0.586538553237915,-0.024770915508270264,0.5847132802009583,0.5441674590110779,-0.027693357318639755,0.5739746689796448,0.572055995464325,-0.037699196487665176,0.5679827928543091,0.5915911197662354,-0.042454421520233154,0.5633594989776611,0.6087451577186584,-0.045704185962677,0.5964139699935913,0.5514315366744995,-0.028406821191310883,0.5889134407043457,0.5792045593261719,-0.03874171897768974,0.5854085683822632,0.5992476344108582,-0.04177001491189003,0.5829909443855286,0.6159136295318604,-0.04436349868774414,0.6078195571899414,0.5560727119445801,-0.02810615487396717,0.6065326929092407,0.5824951529502869,-0.0385015569627285,0.604363203048706,0.6019725203514099,-0.04221810773015022,0.6022849082946777,0.6199651956558228,-0.04471913352608681,0.617933452129364,0.5596067309379578,-0.02744302526116371,0.6255382895469666,0.5760626792907715,-0.03597461059689522,0.6302095055580139,0.5856673717498779,-0.03923780843615532,0.6327053308486938,0.5979531407356262,-0.04153783246874809,15.045353800000015
0.6061249375343323,0.5217013955116272,0.0,0.5919055938720703,0.5297359228134155,-0.008577212691307068,0.5809383392333984,0.5487972497940063,-0.017693214118480682,0.5762026906013489,0.5688492655754089,-0.02416166663169861,0.5732297897338867,0.5824000239372253,-0.03131193295121193,0.5850786566734314,0.5419234037399292,-0.03444593772292137,0.5744276642799377,0.5685493350028992,-0.04663552716374397,0.5678688883781433,0.5884934663772583,-0.05271745100617409,0.5628215074539185,0.6061176657676697,-0.056778647005558014,0.5968289971351624,0.5489667654037476,-0.03415290638804436,0.5887122750282288,0.5760892033576965,-0.046697814017534256,0.5845012068748474,0.5972774624824524,-0.05112136900424957,0.5813028216362,0.6145816445350647,-0.054722342640161514,0.6079235672950745,0.5540715456008911,-0.032662104815244675,0.6061426997184753,0.5811859965324402,-0.04527844488620758,0.6035012006759644,0.6013610363006592,-0.050418660044670105,0.6008001565933228,0.6200960278511047,-0.05366842821240425,0.617580235004425,0.5585865378379822,-0.030703231692314148,0.6254088878631592,0.5773342251777649,-0.04070938751101494,0.6303919553756714,0.5883843898773193,-0.044952161610126495,0.6327168345451355,0.6018120050430298,-0.047982107847929,15.107863500000008
0.6085280179977417,0.5206996202468872,0.0,0.5931379199028015,0.5277083516120911,-0.00623759301379323,0.5815542936325073,0.5473240613937378,-0.013671675696969032,0.5763294100761414,0.568327784538269,-0.019208524376153946,0.5727711319923401,0.5831729769706726,-0.025415102019906044,0.5845006704330444,0.5437749624252319,-0.028435971587896347,0.5738393664360046,0.5714815855026245,-0.0388079509139061,0.5675327777862549,0.5910995602607727,-0.043928101658821106,0.5628069639205933,0.60808926820755,-0.04738439619541168,0.5960015058517456,0.5513797402381897,-0.029024191200733185,0.588875412940979,0.5789907574653625,-0.03974999114871025,0.5851584672927856,0.5990753173828125,-0.04315883666276932,0.5827163457870483,0.6153751015663147,-0.0459834486246109,0.6072500944137573,0.5561231374740601,-0.02854832448065281,0.6060095429420471,0.5828598141670227,-0.039226870983839035,0.6039826273918152,0.6021676063537598,-0.043316904455423355,0.6021857857704163,0.6195549964904785,-0.04603054001927376,0.6171607971191406,0.5597646832466125,-0.027671054005622864,0.6248990297317505,0.576077401638031,-0.03626575320959091,0.6298050880432129,0.5853226184844971,-0.0396743081510067,0.632597804069519,0.5969699025154114,-0.04211435467004776,15.166050799999994
0.6060037612915039,0.5227466225624084,0.0,0.5912864804267883,0.531728982925415,-0.00883449800312519,0.5810940861701965,0.5502841472625732,-0.018537305295467377,0.5774860978126526,0.5701928734779358,-0.0252700038254261,0.5757779479026794,0.5840050578117371,-0.03305009379982948,0.5842089056968689,0.5455529689788818,-0.038560446351766586,0.5744616389274597,0.5703125,-0.05262988433241844,0.5677921772003174,0.5902037024497986,-0.06003380939364433,0.5632705092430115,0.6067489981651306,-0.0648600161075592,0.5958625674247742,0.5541259050369263,-0.038406774401664734,0.5889467000961304,0.5796846747398376,-0.052577268332242966,0.5855244398117065,0.6005858182907104,-0.05789681524038315,0.5831420421600342,0.6166909337043762,-0.0622340552508831,0.6069000363349915,0.5594156384468079,-0.036956749856472015,0.6050574779510498,0.5832381248474121,-0.051421865820884705,0.6020966172218323,0.602230429649353,-0.058117352426052094,0.598953366279602,0.6194931864738464,-0.062352150678634644,0.6162930130958557,0.5626503229141235,-0.034862976521253586,0.6250463128089905,0.578663170337677,-0.04679664224386215,0.6306962370872498,0.5876932740211487,-0.052341021597385406,0.6336045265197754,0.5989218950271606,-0.05628105252981186,15.212482300000005
0.6074116826057434,0.5200729966163635,0.0,0.5916747450828552,0.53022700548172,-0.007557189557701349,0.5802472829818726,0.5505253076553345,-0.016291404142975807,0.574291467666626,0.5706846117973328,-0.022737396880984306,0.5680772662162781,0.5857213735580444,-0.030015837401151657,0.5844812393188477,0.543830394744873,-0.033455319702625275,0.5734708905220032,0.5697760581970215,-0.04584299027919769,0.5670483708381653,0.5896839499473572,-0.05224576219916344,0.5622579455375671,0.607189416885376,-0.05650877580046654,0.5961956977844238,0.5512754321098328,-0.033806655555963516,0.5885430574417114,0.5771776437759399,-0.046981412917375565,0.5849220156669617,0.5980561375617981,-0.051938265562057495,0.5821774005889893,0.6148984432220459,-0.05584510788321495,0.6074123978614807,0.5558608770370483,-0.03291334584355354,0.6057770252227783,0.5813286304473877,-0.04594153165817261,0.6035358309745789,0.6014411449432373,-0.051579549908638,0.6013856530189514,0.6198505759239197,-0.0551750473678112,0.6169958710670471,0.5595150589942932,-0.03148532658815384,0.6245085000991821,0.5751408934593201,-0.04186231270432472,0.6291041970252991,0.5850813984870911,-0.046454183757305145,0.6314908862113953,0.5976826548576355,-0.049748532474040985,15.259929599999992
0.6058117747306824,0.5186536908149719,0.0,0.5915284752845764,0.5271496176719666,-0.006504174321889877,0.5808558464050293,0.5484380125999451,-0.014307500794529915,0.5766761302947998,0.5703824162483215,-0.020135408267378807,0.574364960193634,0.5854315757751465,-0.026733318343758583,0.583512544631958,0.5450358390808105,-0.02957955189049244,0.5732868909835815,0.5711227059364319,-0.040804557502269745,0.5674343109130859,0.5908615589141846,-0.046465687453746796,0.5628193616867065,0.6083484292030334,-0.05019873008131981,0.5951859354972839,0.5519717335700989,-0.030226891860365868,0.5880951285362244,0.5791664123535156,-0.04159996658563614,0.5848720073699951,0.6000095009803772,-0.045318879187107086,0.5825338959693909,0.6172894239425659,-0.04833183065056801,0.60670006275177,0.5559617280960083,-0.029856812208890915,0.6050241589546204,0.5826160907745361,-0.04132473096251488,0.6028996109962463,0.6021549105644226,-0.045543354004621506,0.6007981896400452,0.6200040578842163,-0.048205990344285965,0.6168665289878845,0.5586569905281067,-0.02905895747244358,0.6243646740913391,0.5757180452346802,-0.03819044306874275,0.6292935013771057,0.5851815938949585,-0.04159943014383316,0.6318402886390686,0.597089409828186,-0.04396317899227142,15.303602000000012
0.6046552658081055,0.518703043460846,0.0,0.5903152227401733,0.5291240215301514,-0.006494246423244476,0.5795947909355164,0.5502161979675293,-0.01406326424330473,0.5742972493171692,0.5710240602493286,-0.019603990018367767,0.5685877799987793,0.5855236053466797,-0.02593417838215828,0.5833118557929993,0.5451433062553406,-0.029575703665614128,0.5727705955505371,0.5714077353477478,-0.040481507778167725,0.5665955543518066,0.5905120372772217,-0.04596363380551338,0.5616608262062073,0.607596755027771,-0.04968540370464325,0.5948759317398071,0.5519300699234009,-0.030154991894960403,0.5875943303108215,0.5782204270362854,-0.041625674813985825,0.5843416452407837,0.5982284545898438,-0.04568321257829666,0.5819055438041687,0.6143957376480103,-0.04896187409758568,0.606069803237915,0.5558887124061584,-0.029643598943948746,0.6053440570831299,0.5819017887115479,-0.0414433553814888,0.60377436876297,0.6014517545700073,-0.04635898768901825,0.6021552085876465,0.6193738579750061,-0.04941899701952934,0.6158538460731506,0.5585582852363586,-0.02862231433391571,0.6245332956314087,0.5744442939758301,-0.038194432854652405,0.6296953558921814,0.5839162468910217,-0.042279668152332306,0.6324950456619263,0.5959553718566895,-0.04509057477116585,15.355289499999998
0.6078569889068604,0.5180987119674683,0.0,0.5918267965316772,0.5265544056892395,-0.006652642507106066,0.5799241662025452,0.5472112894058228,-0.014346598647534847,0.5739218592643738,0.5681572556495667,-0.01983949914574623,0.5683009028434753,0.5837857127189636,-0.026060549542307854,0.584234893321991,0.5413781404495239,-0.030938168987631798,0.573252260684967,0.5697356462478638,-0.04174010455608368,0.5672296285629272,0.5899837613105774,-0.046782832592725754,0.5629209876060486,0.607408344745636,-0.0501253642141819,0.5958715677261353,0.5500242114067078,-0.03125922009348869,0.5884771943092346,0.5775753259658813,-0.04299484193325043,0.5849406719207764,0.5984920859336853,-0.0466582290828228,0.582781970500946,0.6152082085609436,-0.04950941354036331,0.6067975759506226,0.5555139780044556,-0.03032907284796238,0.6053413152694702,0.5820066928863525,-0.041935257613658905,0.6032704710960388,0.6019802689552307,-0.04631568863987923,0.601781964302063,0.6196523904800415,-0.04903599992394447,0.6161952614784241,0.559624969959259,-0.028915410861372948,0.6238843202590942,0.5748355984687805,-0.0381942056119442,0.6290429830551147,0.5836544036865234,-0.04191463068127632,0.6323858499526978,0.5947548151016235,-0.0444674976170063,15.404282200000011
0.6057759523391724,0.5185478329658508,0.0,0.5912553071975708,0.5272268056869507,-0.006705285515636206,0.5802843570709229,0.5471360683441162,-0.015014572069048882,0.5759351253509521,0.5679045915603638,-0.021290017291903496,0.574215292930603,0.581722617149353,-0.02837509661912918,0.5839331746101379,0.5428488254547119,-0.030942276120185852,0.5739490985870361,0.5697528719902039,-0.04261127486824989,0.5677525401115417,0.5893517136573792,-0.04849155247211456,0.563086748123169,0.6064308285713196,-0.052379753440618515,0.5956937074661255,0.5496109127998352,-0.03180722892284393,0.5884203314781189,0.578502357006073,-0.043599408119916916,0.584759533405304,0.5989915728569031,-0.04751647263765335,0.5820791721343994,0.6159275770187378,-0.05072299763560295,0.6071099638938904,0.5542041063308716,-0.031609877943992615,0.60516756772995,0.5824235677719116,-0.04346247762441635,0.6021354794502258,0.6018274426460266,-0.04800989851355553,0.5990797281265259,0.6195297241210938,-0.05094750225543976,0.6171774864196777,0.5577771067619324,-0.030944420024752617,0.6245819926261902,0.5762148499488831,-0.04029712826013565,0.629353940486908,0.5859152674674988,-0.0438682921230793,0.6317335963249207,0.5976596474647522,-0.0464521199464798,15.442326699999995
0.6065170168876648,0.5168904066085815,0.0,0.5908089280128479,0.5264301300048828,-0.0060000550001859665,0.5792471766471863,0.5480442047119141,-0.01362226065248251,0.5737012624740601,0.5694255232810974,-0.019340233877301216,0.5688949227333069,0.5848401188850403,-0.02580351009964943,0.5831894278526306,0.5426390171051025,-0.029465489089488983,0.5729832053184509,0.5698613524436951,-0.040239401161670685,0.5668879747390747,0.5894169211387634,-0.04548032954335213,0.5622431635856628,0.6062972545623779,-0.04898558184504509,0.595005214214325,0.5501481294631958,-0.030288856476545334,0.5883796811103821,0.5768359899520874,-0.041996147483587265,0.5848997831344604,0.5971751809120178,-0.04568411037325859,0.5825524926185608,0.6137647032737732,-0.04854797199368477,0.6062454581260681,0.5546973943710327,-0.02992996945977211,0.6052977442741394,0.5800060033798218,-0.04147803783416748,0.6030368208885193,0.5994399189949036,-0.04570322483778,0.6010338664054871,0.6170508861541748,-0.048322368413209915,0.6159304976463318,0.5581316947937012,-0.02909816987812519,0.6239716410636902,0.5728175640106201,-0.038187384605407715,0.6289868950843811,0.5814930200576782,-0.04164116829633713,0.6319717168807983,0.5926762819290161,-0.04401812702417374,15.504268700000011
0.6058591604232788,0.5171214938163757,0.0,0.5907348990440369,0.526617169380188,-0.007433435879647732,0.5802035331726074,0.5474948883056641,-0.016240529716014862,0.5761166214942932,0.5681328177452087,-0.022678369656205177,0.5735759139060974,0.5828801989555359,-0.029946278780698776,0.5829702019691467,0.5429395437240601,-0.033880092203617096,0.5730177164077759,0.5695375800132751,-0.0465514250099659,0.5668716430664062,0.5894396901130676,-0.05309155583381653,0.5624843239784241,0.6063272356987,-0.057332977652549744,0.5949884653091431,0.5497563481330872,-0.034245848655700684,0.5881967544555664,0.5771206617355347,-0.04708024859428406,0.5848578810691833,0.5979132652282715,-0.0515652596950531,0.5826736092567444,0.6150767207145691,-0.05515718832612038,0.606364905834198,0.5538981556892395,-0.03341585770249367,0.6050291061401367,0.5801655054092407,-0.0459880456328392,0.6026775240898132,0.599448025226593,-0.05096890404820442,0.6005169749259949,0.6169483661651611,-0.054160669445991516,0.6160598993301392,0.5569024682044983,-0.03209501877427101,0.6241551041603088,0.5737144947052002,-0.042026419192552567,0.6292498707771301,0.5830413103103638,-0.046050332486629486,0.6319839954376221,0.5946504473686218,-0.048945579677820206,15.551527499999992
0.6061934232711792,0.5186995267868042,0.0,0.5910981893539429,0.5276340246200562,-0.007974782027304173,0.5800450444221497,0.5476486086845398,-0.017097232863307,0.5755661725997925,0.5677701830863953,-0.023568684235215187,0.5727041959762573,0.5818419456481934,-0.03068438358604908,0.5835964679718018,0.5403830409049988,-0.03496289625763893,0.5730204582214355,0.5678259134292603,-0.04718552529811859,0.566815972328186,0.5882235765457153,-0.053022079169750214,0.5621351003646851,0.6059041619300842,-0.05681873485445976,0.5957837104797363,0.5463380217552185,-0.034810621291399,0.5881755352020264,0.5751736164093018,-0.04793626442551613,0.5840396285057068,0.5962547659873962,-0.05224822089076042,0.5809124708175659,0.6129992008209229,-0.05557351931929588,0.6072314381599426,0.5507298707962036,-0.03328738361597061,0.6056263446807861,0.5800721645355225,-0.04625849798321724,0.6031321883201599,0.6009445190429688,-0.05111725255846977,0.6006833910942078,0.6194839477539062,-0.0540391206741333,0.6168901920318604,0.5554883480072021,-0.03116784431040287,0.6245530843734741,0.5743451118469238,-0.04108234494924545,0.6292134523391724,0.5843738317489624,-0.044973794370889664,0.6312867999076843,0.5964164733886719,-0.04773504287004471,15.594959899999992
0.6053612232208252,0.5183731913566589,0.0,0.590721845626831,0.5269455313682556,-0.007544438820332289,0.5801891088485718,0.5469456315040588,-0.016240999102592468,0.5760412216186523,0.5674854516983032,-0.022541292011737823,0.5737894177436829,0.5818973183631897,-0.029517333954572678,0.5832720994949341,0.5424166917800903,-0.03293242305517197,0.5733230113983154,0.5684778094291687,-0.045198533684015274,0.5671185851097107,0.5878943204879761,-0.05139630287885666,0.562522828578949,0.6047083735466003,-0.05539131537079811,0.595405101776123,0.5491058230400085,-0.03299875184893608,0.5883962512016296,0.576659619808197,-0.045419514179229736,0.5851677060127258,0.596997857093811,-0.049486249685287476,0.5827965140342712,0.6138564348220825,-0.05268663913011551,0.6069037318229675,0.5535716414451599,-0.031916502863168716,0.6056525111198425,0.5798405408859253,-0.044241245836019516,0.6031169891357422,0.5986829400062561,-0.04880433529615402,0.6003541350364685,0.6165586709976196,-0.05156911164522171,0.61686110496521,0.557024359703064,-0.030356699600815773,0.6249762773513794,0.5742509365081787,-0.039979852735996246,0.6298968195915222,0.583992600440979,-0.0436871163547039,0.6321612596511841,0.5966629385948181,-0.04625698924064636,15.6515043
0.6067832708358765,0.5167734622955322,0.0,0.5908085703849792,0.5261592268943787,-0.005836721044033766,0.5791630148887634,0.5476567149162292,-0.013186082243919373,0.5734868049621582,0.5690788626670837,-0.01868796907365322,0.5681660771369934,0.5847687721252441,-0.024904470890760422,0.5837094187736511,0.541904091835022,-0.028803803026676178,0.5732604265213013,0.569442093372345,-0.03936710208654404,0.5671119689941406,0.5889163017272949,-0.044487327337265015,0.5623591542243958,0.6056708693504333,-0.04789596050977707,0.5954752564430237,0.5493517518043518,-0.029598254710435867,0.5886741280555725,0.5755454897880554,-0.040967050939798355,0.5851313471794128,0.5959423780441284,-0.04447058588266373,0.5826665759086609,0.6127078533172607,-0.04723227396607399,0.6066861152648926,0.5540060997009277,-0.029224658384919167,0.6057353615760803,0.5785527229309082,-0.0404297299683094,0.6033003330230713,0.5982414484024048,-0.04440515860915184,0.6011134386062622,0.6158854365348816,-0.04689902812242508,0.616354763507843,0.5573279857635498,-0.02839764766395092,0.6241235136985779,0.5719913840293884,-0.03727756068110466,0.6287292838096619,0.5812608599662781,-0.040609925985336304,0.6314443945884705,0.5926937460899353,-0.042900048196315765,15.70083489999999
0.6062576770782471,0.517429530620575,0.0,0.5911604166030884,0.5260536074638367,-0.006622659508138895,0.5801170468330383,0.5471248626708984,-0.014677109196782112,0.5756988525390625,0.5687640309333801,-0.020713558420538902,0.5732378363609314,0.5839899182319641,-0.027534345164895058,0.583497941493988,0.5423256754875183,-0.030478259548544884,0.5732143521308899,0.5691028237342834,-0.04189440235495567,0.567210853099823,0.5887777805328369,-0.047782935202121735,0.5627914667129517,0.6055460572242737,-0.051713977009058,0.5952214002609253,0.549261212348938,-0.031198980286717415,0.5881315469741821,0.576542317867279,-0.04298074543476105,0.5845246911048889,0.5968987345695496,-0.047153227031230927,0.5821525454521179,0.6137775778770447,-0.05054321140050888,0.6064769625663757,0.5535110831260681,-0.030802395194768906,0.604726254940033,0.5795900225639343,-0.04246363416314125,0.6022629737854004,0.5988507270812988,-0.04712262004613876,0.6001661419868469,0.6163237690925598,-0.050185851752758026,0.6162429451942444,0.556713879108429,-0.029948122799396515,0.6238135695457458,0.5729832649230957,-0.039174504578113556,0.6288741230964661,0.5817432403564453,-0.042814623564481735,0.6317757368087769,0.592848002910614,-0.045455340296030045,15.752657099999993
0.6064993143081665,0.5189636945724487,0.0,0.5913407802581787,0.5268499851226807,-0.007063819095492363,0.5800827145576477,0.5462746620178223,-0.015584521926939487,0.5755218863487244,0.5668246746063232,-0.02178800106048584,0.572691798210144,0.5809324383735657,-0.028741352260112762,0.5829410552978516,0.5421145558357239,-0.03263847529888153,0.5725429654121399,0.568030059337616,-0.04463398829102516,0.5663818717002869,0.5879184603691101,-0.05072362348437309,0.5617645382881165,0.6053895950317383,-0.05475705862045288,0.5948858261108398,0.549730122089386,-0.03304428607225418,0.5875627398490906,0.5758800506591797,-0.045594826340675354,0.5837266445159912,0.5965732932090759,-0.05007541924715042,0.5811250805854797,0.6136118769645691,-0.05364532023668289,0.6062182784080505,0.554279625415802,-0.03221767395734787,0.6047241687774658,0.5805368423461914,-0.04485417902469635,0.6022149920463562,0.6002268195152283,-0.05013039708137512,0.5999287366867065,0.6183404326438904,-0.05343135446310043,0.6158010959625244,0.5579622983932495,-0.030812542885541916,0.6239206790924072,0.5739594101905823,-0.04070454090833664,0.6288963556289673,0.5829874277114868,-0.04485728219151497,0.6314202547073364,0.5947039723396301,-0.04782552644610405,15.804089300000015
0.6050573587417603,0.5188447833061218,0.0,0.5908812284469604,0.5273817181587219,-0.007956246845424175,0.5798405408859253,0.5470564365386963,-0.01675073429942131,0.5754342675209045,0.5675632953643799,-0.02316048927605152,0.5732511281967163,0.5815061926841736,-0.03028758242726326,0.5830473899841309,0.5420019626617432,-0.03283240646123886,0.5729351043701172,0.5677189826965332,-0.045039061456918716,0.5670102834701538,0.5873234868049622,-0.051246896386146545,0.5626897811889648,0.604544460773468,-0.055324193090200424,0.5951514840126038,0.5491034388542175,-0.03296241909265518,0.5878260731697083,0.5761969089508057,-0.045421358197927475,0.5846343040466309,0.5970057845115662,-0.04973655566573143,0.5823304653167725,0.6145315766334534,-0.05317705124616623,0.6065120100975037,0.5537471175193787,-0.03203345462679863,0.6049918532371521,0.5796374082565308,-0.044575951993465424,0.6022570729255676,0.5986967086791992,-0.049586281180381775,0.599336564540863,0.616932213306427,-0.052684757858514786,0.6164270639419556,0.5571943521499634,-0.03067028522491455,0.6245189309120178,0.5741392374038696,-0.04060389846563339,0.6296550631523132,0.583962082862854,-0.04465192183852196,0.6320691108703613,0.5966878533363342,-0.04747682809829712,15.853704700000009
0.6062049865722656,0.516704797744751,0.0,0.590690016746521,0.5261644721031189,-0.006336849648505449,0.5792876482009888,0.5473687052726746,-0.01403116062283516,0.5744917392730713,0.5686966776847839,-0.019810091704130173,0.5708180665969849,0.5838793516159058,-0.026373041793704033,0.5825124979019165,0.5430636405944824,-0.029593495652079582,0.572161853313446,0.5697914361953735,-0.040533822029829025,0.5662675499916077,0.5892390012741089,-0.0460217148065567,0.5618027448654175,0.6063564419746399,-0.04972080886363983,0.5942373871803284,0.5501652359962463,-0.0303923599421978,0.5875816345214844,0.5766482353210449,-0.04195833578705788,0.5840737223625183,0.5967411398887634,-0.04588098078966141,0.5815849304199219,0.6134424805641174,-0.04905233532190323,0.6054460406303406,0.5542696118354797,-0.030101774260401726,0.604266881942749,0.5795464515686035,-0.041659653186798096,0.6020328402519226,0.5988774299621582,-0.04636577144265175,0.599956214427948,0.6167595982551575,-0.0494125671684742,0.6152034401893616,0.5570615530014038,-0.029360013082623482,0.6230562329292297,0.5721675753593445,-0.03870236128568649,0.6281077265739441,0.5810961127281189,-0.04256238788366318,0.631016194820404,0.5928153991699219,-0.04528547450900078,15.908888600000012
0.6045966148376465,0.5174638032913208,0.0,0.5900903940200806,0.526634693145752,-0.007440582383424044,0.5795201659202576,0.5471993088722229,-0.016047051176428795,0.5758886337280273,0.5687292218208313,-0.02234511263668537,0.5740947127342224,0.5837900638580322,-0.029475979506969452,0.5824896097183228,0.5431782007217407,-0.03296308219432831,0.5724303722381592,0.5687754154205322,-0.04554903134703636,0.5659602880477905,0.5889461636543274,-0.052263449877500534,0.5609840750694275,0.6063483357429504,-0.056670475751161575,0.5941094756126404,0.5503105521202087,-0.03323959559202194,0.5872358679771423,0.5758035182952881,-0.04602794721722603,0.5838284492492676,0.5970696806907654,-0.05070476606488228,0.5814669132232666,0.6144923567771912,-0.05443012714385986,0.6052555441856384,0.554429829120636,-0.03240841627120972,0.6036778688430786,0.5796245336532593,-0.04509756714105606,0.6015852093696594,0.5995795130729675,-0.05026952177286148,0.5996241569519043,0.6173183917999268,-0.05352895334362984,0.6148658394813538,0.5571483969688416,-0.031102044507861137,0.6227554678916931,0.5739904046058655,-0.04112273454666138,0.6280409097671509,0.5836722254753113,-0.04524698853492737,0.6310409307479858,0.5952186584472656,-0.04816935583949089,15.959813999999994
0.6053323149681091,0.5180215239524841,0.0,0.5905262231826782,0.526769757270813,-0.006757207680493593,0.5793075561523438,0.5458515882492065,-0.015063772909343243,0.5745070576667786,0.565960705280304,-0.021128932014107704,0.5714700818061829,0.5791710019111633,-0.027924466878175735,0.5824216604232788,0.5436491966247559,-0.032004039734601974,0.5716460347175598,0.5686529278755188,-0.0437391959130764,0.5652335286140442,0.5880320072174072,-0.049799419939517975,0.5603790879249573,0.6051887273788452,-0.0539233535528183,0.5940605998039246,0.5506938099861145,-0.03245370462536812,0.5863667130470276,0.5759075284004211,-0.04503263905644417,0.5822982788085938,0.595929741859436,-0.0498252734541893,0.5795274972915649,0.6121068000793457,-0.053618330508470535,0.6052650809288025,0.5546786189079285,-0.03165397420525551,0.604199230670929,0.5809719562530518,-0.04440295323729515,0.602294921875,0.6004151701927185,-0.05007607862353325,0.6005844473838806,0.6183109283447266,-0.0535627081990242,0.6148583292961121,0.5579233169555664,-0.030218519270420074,0.6231898665428162,0.5746080875396729,-0.040341317653656006,0.6282961964607239,0.5846396684646606,-0.04492828622460365,0.6311634182929993,0.5972008109092712,-0.04815120995044708,16.012952299999995
0.6053327322006226,0.5172216892242432,0.0,0.5900045037269592,0.5258274078369141,-0.005894501227885485,0.5788568258285522,0.5472441911697388,-0.0131376376375556,0.5737048983573914,0.5688484311103821,-0.018600264564156532,0.5696334838867188,0.5843040347099304,-0.024815170094370842,0.5820375084877014,0.5433945655822754,-0.02796238660812378,0.5720784664154053,0.5708601474761963,-0.03829793632030487,0.5662760138511658,0.5902124643325806,-0.04327481612563133,0.5617725849151611,0.6069852709770203,-0.04658730328083038,0.5937273502349854,0.5503181219100952,-0.028795741498470306,0.5870059132575989,0.5777549743652344,-0.03962653875350952,0.5835139155387878,0.5977426171302795,-0.04282727837562561,0.5810701251029968,0.6142600774765015,-0.04539940878748894,0.6050524711608887,0.5543935894966125,-0.028601739555597305,0.6037343144416809,0.5802769660949707,-0.0393676720559597,0.601549506187439,0.5996248126029968,-0.04307426139712334,0.5995907783508301,0.6171064376831055,-0.04542900621891022,0.6150132417678833,0.5572317838668823,-0.028020769357681274,0.6225777864456177,0.5733458995819092,-0.03664671257138252,0.6273964643478394,0.5829256176948547,-0.039793334901332855,0.630305826663971,0.5947322845458984,-0.04194396734237671,16.059732700000012
0.604681134223938,0.5192408561706543,0.0,0.5899714231491089,0.5276694893836975,-0.008056926541030407,0.5789786577224731,0.5466948747634888,-0.017364852130413055,0.5752803683280945,0.567087709903717,-0.02411654219031334,0.5738440155982971,0.5808398723602295,-0.03171689435839653,0.5820229649543762,0.5434054136276245,-0.0350661538541317,0.5716221928596497,0.569139301776886,-0.04808565229177475,0.5650215148925781,0.5893146991729736,-0.055004000663757324,0.5600036382675171,0.6071752309799194,-0.05963149294257164,0.5935941338539124,0.5498446822166443,-0.03524770587682724,0.5862565040588379,0.5765491127967834,-0.0488220676779747,0.5822551250457764,0.5972307920455933,-0.054269205778837204,0.5794463157653809,0.6143699884414673,-0.05862089619040489,0.6048148274421692,0.5536946654319763,-0.03419744595885277,0.6030588746070862,0.5814239382743835,-0.04807702451944351,0.6007834076881409,0.6009313464164734,-0.05454377084970474,0.5986356735229492,0.6188263893127441,-0.05859537050127983,0.6143428683280945,0.5574204325675964,-0.03250669315457344,0.6229557394981384,0.575397253036499,-0.04343245178461075,0.6285166144371033,0.5854264497756958,-0.04850074648857117,0.6315390467643738,0.5978091359138489,-0.05218910053372383,16.098274599999996
0.6046457886695862,0.5182986259460449,0.0,0.5899595022201538,0.5269079804420471,-0.0067782108671963215,0.5783081650733948,0.548321545124054,-0.014915776439011097,0.5734204053878784,0.5701728463172913,-0.02107665315270424,0.5706843733787537,0.5843691229820251,-0.027994763106107712,0.5817328691482544,0.5431926250457764,-0.03033101186156273,0.5713608860969543,0.569642961025238,-0.04180629923939705,0.5651752948760986,0.589282751083374,-0.047647520899772644,0.5604525804519653,0.6063752770423889,-0.051569029688835144,0.5935212969779968,0.5500844717025757,-0.031067349016666412,0.5865541696548462,0.5770230889320374,-0.04286649823188782,0.5829261541366577,0.5975198745727539,-0.04690266400575638,0.5803530216217041,0.6146959662437439,-0.05018468201160431,0.6048887372016907,0.5543620586395264,-0.03075842559337616,0.6036943793296814,0.5810723900794983,-0.04249579459428787,0.6011840105056763,0.6003680229187012,-0.046983752399683,0.5987610816955566,0.6180915832519531,-0.04989603906869888,0.6148867607116699,0.5577456951141357,-0.03004922717809677,0.6227391362190247,0.5751939415931702,-0.03938249126076698,0.6279405355453491,0.5850796699523926,-0.043022315949201584,0.6308497190475464,0.5974032282829285,-0.04561293125152588,16.156718900000016
0.6047750115394592,0.5180102586746216,0.0,0.5898529887199402,0.5267976522445679,-0.007210476789623499,0.5781533122062683,0.5479674339294434,-0.015557966195046902,0.5729662775993347,0.5687986016273499,-0.021755371242761612,0.5694032907485962,0.5830192565917969,-0.028620759025216103,0.5820837020874023,0.5423563122749329,-0.031155087053775787,0.5717117190361023,0.5691248178482056,-0.04248161241412163,0.5654314756393433,0.5887301564216614,-0.04810723289847374,0.5606433153152466,0.6057865619659424,-0.051876313984394073,0.5938646197319031,0.5484600067138672,-0.03156709298491478,0.5866801738739014,0.5760287046432495,-0.043484583497047424,0.5828669667243958,0.5966070890426636,-0.047549329698085785,0.5801022052764893,0.6138390898704529,-0.050820209085941315,0.6051856875419617,0.5526523590087891,-0.0308439452201128,0.6042182445526123,0.5803428888320923,-0.042566996067762375,0.6016863584518433,0.6002869009971619,-0.047019459307193756,0.5991988182067871,0.6186008453369141,-0.049909558147192,0.6150220036506653,0.5565610527992249,-0.029704684391617775,0.6226475834846497,0.5744781494140625,-0.03893965482711792,0.6272905468940735,0.5847863554954529,-0.04255693033337593,0.629568338394165,0.5975044965744019,-0.04515768215060234,16.207846100000012
0.6052278876304626,0.519004225730896,0.0,0.5903468132019043,0.5265545845031738,-0.006550042424350977,0.578943133354187,0.5471189618110657,-0.014305134303867817,0.5739796161651611,0.5687655210494995,-0.020075907930731773,0.5708501935005188,0.5840648412704468,-0.026596954092383385,0.5815756320953369,0.5437233448028564,-0.029371626675128937,0.5716267824172974,0.5704652070999146,-0.04043958708643913,0.565558135509491,0.5897934436798096,-0.046075038611888885,0.5608972907066345,0.6065773963928223,-0.049807630479335785,0.5932051539421082,0.5510905981063843,-0.029988128691911697,0.5866568684577942,0.5778626799583435,-0.041187528520822525,0.583418071269989,0.5983213186264038,-0.044883184134960175,0.5812985897064209,0.6155067086219788,-0.047925449907779694,0.6046039462089539,0.5553739666938782,-0.029597269371151924,0.6033154726028442,0.5814160108566284,-0.040819887071847916,0.60111403465271,0.6008857488632202,-0.04509321600198746,0.5992318987846375,0.6185685992240906,-0.04788646847009659,0.614571750164032,0.5584412217140198,-0.028812164440751076,0.6227375268936157,0.5747622847557068,-0.037745151668787,0.627872109413147,0.5838721990585327,-0.04118383303284645,0.6308919787406921,0.5951735973358154,-0.04363727197051048,16.248248399999994
0.6042550802230835,0.5198812484741211,0.0,0.589489758014679,0.5285745859146118,-0.007882666774094105,0.579082727432251,0.5471153259277344,-0.017194006592035294,0.5748715996742249,0.5671698451042175,-0.02388812229037285,0.5721889734268188,0.5812731981277466,-0.03149222582578659,0.5823728442192078,0.5434305667877197,-0.03600936755537987,0.5721815824508667,0.5679685473442078,-0.049681756645441055,0.5656722187995911,0.5880273580551147,-0.05705707147717476,0.5612689256668091,0.6052374839782715,-0.061926957219839096,0.5941450595855713,0.5514913201332092,-0.03631168231368065,0.5871855020523071,0.5770424604415894,-0.050249312072992325,0.5836061835289001,0.5975596904754639,-0.055700600147247314,0.5812241435050964,0.6141271591186523,-0.06006399169564247,0.6051041483879089,0.5561826825141907,-0.03535505011677742,0.6034388542175293,0.5809682607650757,-0.04937988892197609,0.6005635261535645,0.5997656583786011,-0.05569273233413696,0.5978003144264221,0.6172803640365601,-0.059687867760658264,0.6143850684165955,0.5592933893203735,-0.03376651182770729,0.6231603622436523,0.5758509039878845,-0.044947151094675064,0.6290886402130127,0.5851967334747314,-0.0499824658036232,0.6324794888496399,0.5969803929328918,-0.05363435298204422,16.30725720000001
0.6058896780014038,0.5182051658630371,0.0,0.5902993679046631,0.5261436104774475,-0.0064085363410413265,0.5785837769508362,0.5465417504310608,-0.013737495057284832,0.5726693272590637,0.5674961805343628,-0.019186077639460564,0.5674814581871033,0.5828912854194641,-0.02540891245007515,0.5822045207023621,0.5423225164413452,-0.028154848143458366,0.5716932415962219,0.5694007873535156,-0.038512974977493286,0.5655253529548645,0.5886372327804565,-0.04362398013472557,0.5608195066452026,0.6057816743850708,-0.04706687107682228,0.5936502814292908,0.5503854155540466,-0.028816739097237587,0.5870721936225891,0.577376127243042,-0.039606478065252304,0.5836201906204224,0.5974345207214355,-0.043055180460214615,0.5812156200408936,0.6140795350074768,-0.04585409164428711,0.6046493649482727,0.5551543831825256,-0.028516311198472977,0.6034377813339233,0.5806643962860107,-0.03947288915514946,0.601428747177124,0.5997346043586731,-0.043733060359954834,0.5997074246406555,0.6171395182609558,-0.046475376933813095,0.6142221689224243,0.5581907629966736,-0.02786300890147686,0.6224328875541687,0.5732396841049194,-0.03683704137802124,0.6277920603752136,0.5819196105003357,-0.040415287017822266,0.6311992406845093,0.5929617881774902,-0.0428723469376564,16.3567185
0.6036041378974915,0.5190685987472534,0.0,0.5895314812660217,0.5265082120895386,-0.007224611472338438,0.5787156224250793,0.5468136072158813,-0.015205985866487026,0.5742681622505188,0.5682908296585083,-0.020974252372980118,0.5716043710708618,0.5829533934593201,-0.027459027245640755,0.58307945728302,0.5406748056411743,-0.03024650737643242,0.5727770924568176,0.5680037140846252,-0.04117068275809288,0.5664865970611572,0.587603747844696,-0.04649394750595093,0.5616821050643921,0.604541540145874,-0.05002373456954956,0.5946419835090637,0.5472057461738586,-0.03050408512353897,0.5872166752815247,0.5766357183456421,-0.04163752868771553,0.5835092067718506,0.5977815389633179,-0.04520592838525772,0.5809088349342346,0.6152136325836182,-0.04813162982463837,0.6056199073791504,0.5519770383834839,-0.029733572155237198,0.603849470615387,0.579803466796875,-0.0409199595451355,0.6007581353187561,0.5995635986328125,-0.045083001255989075,0.5978200435638428,0.6177533864974976,-0.04775251820683479,0.6152487993240356,0.5557137131690979,-0.0285866130143404,0.6230705380439758,0.5747273564338684,-0.03746931254863739,0.6281706690788269,0.5854119062423706,-0.040876079350709915,0.6310088634490967,0.5979579091072083,-0.04328669235110283,16.40776299999999
0.6050607562065125,0.5178708434104919,0.0,0.589557409286499,0.5273329019546509,-0.006298174615949392,0.5783211588859558,0.5476042032241821,-0.013938565738499165,0.5727713704109192,0.5682381987571716,-0.01961502432823181,0.5674914717674255,0.582939624786377,-0.02609468810260296,0.5819306969642639,0.5427896976470947,-0.029559170827269554,0.5716162919998169,0.569855272769928,-0.040467340499162674,0.5651078820228577,0.5891254544258118,-0.046021152287721634,0.5599144101142883,0.6061818599700928,-0.04981500282883644,0.5936916470527649,0.5503291487693787,-0.03035421296954155,0.5867787599563599,0.5765807032585144,-0.04197894036769867,0.5829761624336243,0.5971934199333191,-0.046200208365917206,0.5802873969078064,0.6141670942306519,-0.04960429668426514,0.6049160957336426,0.5547462701797485,-0.030025767162442207,0.6037467122077942,0.5801115036010742,-0.0418415404856205,0.60159832239151,0.6000298261642456,-0.04692976176738739,0.5998103022575378,0.6180305480957031,-0.050185371190309525,0.6146142482757568,0.5580745935440063,-0.029191965237259865,0.6231277585029602,0.573096752166748,-0.0386565662920475,0.6282077431678772,0.5827905535697937,-0.04279279336333275,0.631234347820282,0.5947695374488831,-0.045751962810754776,16.458618400000006
0.6045295596122742,0.5177918076515198,0.0,0.5893486142158508,0.5276353359222412,-0.006951289717108011,0.5784987211227417,0.5485186576843262,-0.015725985169410706,0.5741885900497437,0.5691642761230469,-0.022319037467241287,0.5712378025054932,0.5830467939376831,-0.02975291572511196,0.5810151100158691,0.543952465057373,-0.033245280385017395,0.5713199973106384,0.570000171661377,-0.04585762694478035,0.5652530193328857,0.589958667755127,-0.05235830694437027,0.5606958866119385,0.6068683862686157,-0.056625932455062866,0.5931699275970459,0.5504798293113708,-0.03407127037644386,0.5868040919303894,0.5774738788604736,-0.0471845380961895,0.5835365653038025,0.5982902646064758,-0.05176658183336258,0.5812163352966309,0.6155156493186951,-0.05535976588726044,0.6047868132591248,0.5542595982551575,-0.03370384871959686,0.60356205701828,0.5806083083152771,-0.046678170561790466,0.6010156273841858,0.6001638174057007,-0.051804378628730774,0.5985559821128845,0.6178755164146423,-0.0549776554107666,0.6147432327270508,0.5571064352989197,-0.03279570862650871,0.6229726672172546,0.5742748975753784,-0.04305145516991615,0.627949059009552,0.5846121907234192,-0.04721885547041893,0.6305098533630371,0.5971777439117432,-0.050151046365499496,16.509480300000007
0.6036553382873535,0.5179836750030518,0.0,0.5890067219734192,0.5281355977058411,-0.0069141387939453125,0.5785425901412964,0.5484480857849121,-0.015553218312561512,0.5744796991348267,0.5687575340270996,-0.02193736843764782,0.5717355012893677,0.5829777717590332,-0.029172783717513084,0.5810497403144836,0.5440946221351624,-0.033494748175144196,0.5707798004150391,0.5701449513435364,-0.04597092047333717,0.5644450783729553,0.5898613929748535,-0.05233423784375191,0.5596002340316772,0.6067569255828857,-0.05654336139559746,0.5928218960762024,0.5506711602210999,-0.034214284271001816,0.5858902335166931,0.5773402452468872,-0.04740370810031891,0.582297146320343,0.5979393720626831,-0.052080169320106506,0.5797106623649597,0.6146161556243896,-0.055764250457286835,0.6042912602424622,0.5544385313987732,-0.03365889564156532,0.603206992149353,0.5809398889541626,-0.0467325896024704,0.6009957790374756,0.6009463667869568,-0.05200166255235672,0.5988314747810364,0.6190779805183411,-0.05528954043984413,0.6142844557762146,0.5574773550033569,-0.03252006322145462,0.6224884390830994,0.5742589235305786,-0.04288746789097786,0.6275019645690918,0.5843766331672668,-0.04716454818844795,0.6301473379135132,0.5968701243400574,-0.05018506199121475,16.56014049999999
0.6041195392608643,0.5187653303146362,0.0,0.5892748832702637,0.527842104434967,-0.007107000797986984,0.5780459642410278,0.5487855672836304,-0.015612593851983547,0.5732517242431641,0.5697956681251526,-0.021987324580550194,0.5703341960906982,0.5839245319366455,-0.029243117198348045,0.5808313488960266,0.5446738004684448,-0.032387182116508484,0.5709304809570312,0.5709263682365417,-0.04461640119552612,0.5646026730537415,0.5906325578689575,-0.05090225860476494,0.5597088932991028,0.6080466508865356,-0.05510052666068077,0.5927320718765259,0.5517902374267578,-0.033122867345809937,0.5864282846450806,0.5778779983520508,-0.04586736112833023,0.5830305814743042,0.5981401205062866,-0.050248533487319946,0.5807679891586304,0.6151743531227112,-0.05372953414916992,0.60419100522995,0.5556546449661255,-0.03276582434773445,0.6034284830093384,0.5815152525901794,-0.045503322035074234,0.6012130975723267,0.6011184453964233,-0.05054823309183121,0.5992655754089355,0.6192257404327393,-0.05371004343032837,0.6141824722290039,0.5582876205444336,-0.03194580599665642,0.6224253177642822,0.5747271180152893,-0.042255088686943054,0.6276828050613403,0.5844919085502625,-0.04647400975227356,0.6308427453041077,0.5968437790870667,-0.049386877566576004,16.612280099999992
0.6045355796813965,0.5193599462509155,0.0,0.5897418260574341,0.5269210338592529,-0.006458698771893978,0.5787100791931152,0.5469028353691101,-0.01426712330430746,0.5738653540611267,0.5680986046791077,-0.020102594047784805,0.5708527565002441,0.5826999545097351,-0.02671654522418976,0.5816160440444946,0.5436601042747498,-0.029841791838407516,0.5710583925247192,0.5711343884468079,-0.04085369035601616,0.5650023818016052,0.590913712978363,-0.04631171002984047,0.5604496598243713,0.6079277992248535,-0.049988869577646255,0.5933607220649719,0.5510353446006775,-0.030659690499305725,0.5859856605529785,0.5791227221488953,-0.04217904806137085,0.5820956230163574,0.5998955965042114,-0.046099334955215454,0.5794723033905029,0.6167275309562683,-0.0492623895406723,0.6048039197921753,0.5552787780761719,-0.030374595895409584,0.6031395196914673,0.5829867124557495,-0.04182696342468262,0.6007993221282959,0.6031255125999451,-0.046242937445640564,0.5987208485603333,0.6210938096046448,-0.04911688715219498,0.6148183941841125,0.5585057735443115,-0.02964959479868412,0.6224831342697144,0.5760040283203125,-0.03878806158900261,0.6275026202201843,0.5858711004257202,-0.042321402579545975,0.6303083300590515,0.5978253483772278,-0.044837333261966705,16.661975299999995
0.6037039756774902,0.5185484290122986,0.0,0.5889856219291687,0.5286039113998413,-0.0074227349832654,0.5779188871383667,0.5496131181716919,-0.01616728864610195,0.5737195611000061,0.5702935457229614,-0.022621382027864456,0.5716429948806763,0.5843685865402222,-0.029805850237607956,0.5805276036262512,0.5446322560310364,-0.03286277502775192,0.570162832736969,0.5712478756904602,-0.045157287269830704,0.5635241270065308,0.5910770297050476,-0.05146635323762894,0.5581547021865845,0.6084735989570618,-0.0556287057697773,0.5925021171569824,0.5509674549102783,-0.03327376767992973,0.5853649377822876,0.578174889087677,-0.04613655060529709,0.5815339684486389,0.5990707278251648,-0.050707995891571045,0.5787354707717896,0.6164700984954834,-0.054297175258398056,0.6041039824485779,0.5549082159996033,-0.03251984715461731,0.602956235408783,0.5823462605476379,-0.045253243297338486,0.6007114052772522,0.6023054718971252,-0.050252530723810196,0.5985705852508545,0.6205366849899292,-0.05335130915045738,0.6141302585601807,0.5584136247634888,-0.03127660974860191,0.6219432353973389,0.5760018229484558,-0.04118714854121208,0.6266542077064514,0.5862730741500854,-0.04516221210360527,0.6290366053581238,0.5989440083503723,-0.047981634736061096,16.71853730000001
0.603725790977478,0.5201029181480408,0.0,0.589024007320404,0.5289612412452698,-0.007645266596227884,0.5776616930961609,0.5482738018035889,-0.016828259453177452,0.5731073617935181,0.568074643611908,-0.023496689274907112,0.5707039833068848,0.5816060900688171,-0.031007809564471245,0.5805782675743103,0.5445571541786194,-0.035594720393419266,0.569981038570404,0.5709818005561829,-0.04850265011191368,0.5636316537857056,0.5915936827659607,-0.05491112172603607,0.5588625073432922,0.6091349720954895,-0.059114888310432434,0.5925345420837402,0.5514734387397766,-0.0359719954431057,0.5850900411605835,0.5782869458198547,-0.049689196050167084,0.5811556577682495,0.5993791818618774,-0.05449279770255089,0.5784300565719604,0.6161488890647888,-0.058228764683008194,0.6040163040161133,0.5555422902107239,-0.03503076359629631,0.6021930575370789,0.5827040076255798,-0.04879062622785568,0.5996790528297424,0.602855920791626,-0.05448249354958534,0.5973455309867859,0.6208597421646118,-0.057938724756240845,0.6138174533843994,0.5590999126434326,-0.03345071151852608,0.621677041053772,0.5768347382545471,-0.0443604402244091,0.6268022060394287,0.5872774124145508,-0.04901755973696709,0.6296202540397644,0.5996249914169312,-0.05226351320743561,16.768344000000013
0.603505551815033,0.5194605588912964,0.0,0.5886440277099609,0.5282402634620667,-0.006282024551182985,0.5773328542709351,0.5495579242706299,-0.014088001102209091,0.5722946524620056,0.5712937712669373,-0.020041413605213165,0.5688997507095337,0.5865929126739502,-0.026749057695269585,0.5804709792137146,0.5447533130645752,-0.0292377732694149,0.5699995756149292,0.5718107223510742,-0.04044465720653534,0.5638096332550049,0.591486930847168,-0.04620783403515816,0.5591162443161011,0.6084412932395935,-0.050064459443092346,0.5922592878341675,0.5514948964118958,-0.030123241245746613,0.5851740837097168,0.5787424445152283,-0.04189557954668999,0.5816357731819153,0.5996826887130737,-0.04608116298913956,0.5792814493179321,0.6171492338180542,-0.0494128055870533,0.603786826133728,0.5558410882949829,-0.029926137998700142,0.6023187637329102,0.5819967985153198,-0.04153881594538689,0.5998713374137878,0.6017289161682129,-0.045997023582458496,0.597687840461731,0.6196907162666321,-0.048883043229579926,0.6138563752174377,0.5594072937965393,-0.0292946957051754,0.6211124658584595,0.5761512517929077,-0.038461748510599136,0.6257480382919312,0.5858373641967773,-0.041983116418123245,0.6282801628112793,0.5978529453277588,-0.04449639841914177,16.816771200000005
0.603115975856781,0.5190566182136536,0.0,0.5887516736984253,0.5271328091621399,-0.007071237079799175,0.5782955288887024,0.5468791723251343,-0.01527731865644455,0.5741244554519653,0.5681506991386414,-0.021345045417547226,0.5717864632606506,0.5831879377365112,-0.028113773092627525,0.5805556774139404,0.5441846251487732,-0.031013261526823044,0.5698140263557434,0.5706740021705627,-0.04263584688305855,0.5635092854499817,0.5904475450515747,-0.04860260337591171,0.5589189529418945,0.6078782081604004,-0.05257381126284599,0.5921285152435303,0.5519028306007385,-0.03144175931811333,0.5844859480857849,0.578510046005249,-0.04316798970103264,0.5805602073669434,0.5991540551185608,-0.04726800322532654,0.5779799818992615,0.6160596013069153,-0.050613924860954285,0.6035371422767639,0.5563614964485168,-0.030812637880444527,0.6017144918441772,0.5829437971115112,-0.042416173964738846,0.5994707345962524,0.6023174524307251,-0.04696328565478325,0.5975198149681091,0.6198198199272156,-0.04993205517530441,0.6136059761047363,0.5595756769180298,-0.029775528237223625,0.6212365031242371,0.5768687129020691,-0.039017874747514725,0.6261762380599976,0.5867772698402405,-0.04268708452582359,0.6290032267570496,0.5988878607749939,-0.04531635716557503,16.867109
0.6034666895866394,0.519582211971283,0.0,0.5883586406707764,0.5282150506973267,-0.006555473431944847,0.5769092440605164,0.5493153929710388,-0.014222460798919201,0.571637749671936,0.5704286694526672,-0.019960984587669373,0.5673736929893494,0.5857851505279541,-0.026500949636101723,0.5799163579940796,0.5456534028053284,-0.029501527547836304,0.5692954659461975,0.571846604347229,-0.04072878137230873,0.5629746317863464,0.5909674167633057,-0.04652760922908783,0.558030366897583,0.6077865362167358,-0.05040259659290314,0.5914715528488159,0.5525920987129211,-0.030176520347595215,0.5842938423156738,0.5782446265220642,-0.04194609075784683,0.5807166695594788,0.59882652759552,-0.046215154230594635,0.5782783627510071,0.615974485874176,-0.04961974173784256,0.6027566194534302,0.5564923286437988,-0.029807893559336662,0.6013636589050293,0.5811173915863037,-0.041527796536684036,0.5993226170539856,0.6007983684539795,-0.04636619612574577,0.5975505709648132,0.619004487991333,-0.049479857087135315,0.61259526014328,0.5589873790740967,-0.029023729264736176,0.6199805736541748,0.5738494396209717,-0.038411837071180344,0.6247666478157043,0.5834161639213562,-0.04233652725815773,0.6276888847351074,0.5955763459205627,-0.04510403797030449,16.9153096
0.6031759977340698,0.524811327457428,0.0,0.5882075428962708,0.5323569774627686,-0.009242553263902664,0.5768376588821411,0.5495083928108215,-0.01931355707347393,0.5723196268081665,0.5684574842453003,-0.02635134384036064,0.5696752667427063,0.5814745426177979,-0.03423776850104332,0.579506516456604,0.5441385507583618,-0.03829211741685867,0.5693306922912598,0.5687748193740845,-0.05228777602314949,0.5627260804176331,0.5897691249847412,-0.05956839397549629,0.5580918788909912,0.6075291037559509,-0.06423383951187134,0.5914961695671082,0.5519294142723083,-0.03785483166575432,0.5842072367668152,0.5775713324546814,-0.05208110436797142,0.5803328156471252,0.5990914702415466,-0.05737023428082466,0.5776501297950745,0.6158192753791809,-0.06158393993973732,0.6028957962989807,0.556711733341217,-0.036158233880996704,0.6005910038948059,0.5822396874427795,-0.05081505328416824,0.5979202389717102,0.6025885939598083,-0.05724518746137619,0.5953240990638733,0.6207113265991211,-0.061127256602048874,0.6123244166374207,0.5606940388679504,-0.03381277620792389,0.6204012632369995,0.5774735808372498,-0.04544539004564285,0.6258026361465454,0.5867300033569336,-0.05055879428982735,0.6287105083465576,0.5976763367652893,-0.054153259843587875,16.958787699999988
0.6010348200798035,0.5218058228492737,0.0,0.587575376033783,0.5304074883460999,-0.0072334990836679935,0.5762813687324524,0.5505889058113098,-0.01501365378499031,0.5718492269515991,0.5718804597854614,-0.02079533413052559,0.5695431232452393,0.5863243341445923,-0.027370087802410126,0.5804005265235901,0.5451600551605225,-0.02855873480439186,0.5699003338813782,0.5693621039390564,-0.039719969034194946,0.5631982684135437,0.5878240466117859,-0.0458538681268692,0.5578338503837585,0.6043417453765869,-0.050064172595739365,0.5916261672973633,0.550916314125061,-0.02890036627650261,0.5836727619171143,0.5765802264213562,-0.03999455273151398,0.5804896354675293,0.5973767638206482,-0.04450332373380661,0.5781058669090271,0.61512690782547,-0.048276737332344055,0.602491557598114,0.5549629926681519,-0.02839532308280468,0.6022138595581055,0.5807287693023682,-0.039987750351428986,0.6002395153045654,0.6005611419677734,-0.04525264352560043,0.5973891019821167,0.619667112827301,-0.04865488037467003,0.6123770475387573,0.5575271844863892,-0.027508223429322243,0.6208580732345581,0.5757805705070496,-0.03709174692630768,0.625929594039917,0.585821270942688,-0.04132860526442528,0.6279647350311279,0.5980953574180603,-0.04429199919104576,17.00859220000001
0.6033382415771484,0.5213057994842529,0.0,0.588024914264679,0.5298800468444824,-0.00744679244235158,0.5762662291526794,0.5494965314865112,-0.015744412317872047,0.5705260038375854,0.5696297883987427,-0.021902186796069145,0.565316915512085,0.5844868421554565,-0.028853164985775948,0.5792761445045471,0.5444400906562805,-0.03138071298599243,0.5683769583702087,0.5710307359695435,-0.04307267442345619,0.562031090259552,0.5905346274375916,-0.049105096608400345,0.5572385787963867,0.6077560186386108,-0.053116850554943085,0.5907850861549377,0.5516758561134338,-0.03177636116743088,0.5832921862602234,0.5782630443572998,-0.043689146637916565,0.5799576044082642,0.598931074142456,-0.04795064777135849,0.5776479244232178,0.6161104440689087,-0.0514184795320034,0.6021616458892822,0.5559849143028259,-0.031121328473091125,0.6003696322441101,0.5812902450561523,-0.042912647128105164,0.5983356833457947,0.600317656993866,-0.047776419669389725,0.596497654914856,0.6178699731826782,-0.050989922136068344,0.6122055053710938,0.5587775707244873,-0.03009815141558647,0.6198552250862122,0.5739771127700806,-0.03970286250114441,0.6244181394577026,0.5835254788398743,-0.043727826327085495,0.6269781589508057,0.5956212878227234,-0.04658186808228493,17.056027999999998
0.6016823649406433,0.5240588784217834,0.0,0.5882227420806885,0.5309434533119202,-0.008147391490638256,0.5772295594215393,0.5476876497268677,-0.016925692558288574,0.573276162147522,0.5661002993583679,-0.023241640999913216,0.5720997452735901,0.5780942440032959,-0.030335644260048866,0.5796066522598267,0.5431250929832458,-0.03243875131011009,0.5691295862197876,0.5677511692047119,-0.044486042112112045,0.5627332925796509,0.5870532989501953,-0.051019784063100815,0.5581168532371521,0.6043844223022461,-0.055428363382816315,0.5905020236968994,0.549393355846405,-0.03241174668073654,0.5826042890548706,0.5765879154205322,-0.04438266158103943,0.5793293118476868,0.5982567071914673,-0.04935302212834358,0.5770503282546997,0.615932047367096,-0.05355656519532204,0.6014686822891235,0.5540776252746582,-0.03134576603770256,0.6001275777816772,0.5815093517303467,-0.043764013797044754,0.5980252027511597,0.6017260551452637,-0.0498075969517231,0.5953612327575684,0.6207267642021179,-0.05379156768321991,0.6112793684005737,0.5581671595573425,-0.02975812368094921,0.6190069913864136,0.5764436721801758,-0.039864372462034225,0.6237700581550598,0.5860018730163574,-0.04459122568368912,0.6257064938545227,0.5977365970611572,-0.04808895289897919,17.11103890000001
0.6000763773918152,0.5225539803504944,0.0,0.5869559049606323,0.5309473872184753,-0.009714752435684204,0.5767040252685547,0.5497150421142578,-0.019357850775122643,0.5740642547607422,0.5685843229293823,-0.02603309415280819,0.5736653208732605,0.580852210521698,-0.033385325223207474,0.5793649554252625,0.5435945391654968,-0.035757679492235184,0.569347620010376,0.5679553151130676,-0.048980582505464554,0.5625950694084167,0.5879267454147339,-0.0561041533946991,0.5576332807540894,0.6057347655296326,-0.06070098653435707,0.5904284715652466,0.54875648021698,-0.03452271595597267,0.5825744271278381,0.5755158066749573,-0.04756249114871025,0.579090416431427,0.596832275390625,-0.05271100997924805,0.5765489339828491,0.6146084070205688,-0.05684809759259224,0.6016011238098145,0.5538066029548645,-0.03221864625811577,0.6005709171295166,0.5819239020347595,-0.04549548774957657,0.5983896255493164,0.6019987463951111,-0.051407504826784134,0.5955892205238342,0.6206226348876953,-0.05498647317290306,0.6113521456718445,0.5584249496459961,-0.02943560667335987,0.618047297000885,0.5784187912940979,-0.04017030447721481,0.6215387582778931,0.5899441838264465,-0.04505382105708122,0.6223819255828857,0.6033313274383545,-0.04842384159564972,17.1693018
0.6006985902786255,0.5198472142219543,0.0,0.587099552154541,0.5292038917541504,-0.007646881975233555,0.576214075088501,0.5480489730834961,-0.01663808338344097,0.5728086233139038,0.567974328994751,-0.02320375107228756,0.572384238243103,0.5822047591209412,-0.030418142676353455,0.5785948038101196,0.5444177389144897,-0.033097270876169205,0.5679275989532471,0.570412278175354,-0.04536232724785805,0.5613939166069031,0.5902901887893677,-0.051815420389175415,0.5562654733657837,0.6082594394683838,-0.056121353060007095,0.5900374054908752,0.5497288703918457,-0.0330934077501297,0.5816941857337952,0.5777047872543335,-0.04578425735235214,0.5777738690376282,0.5984508991241455,-0.05074116587638855,0.574729859828949,0.6157475709915161,-0.05467851087450981,0.6015491485595703,0.553710401058197,-0.03187727928161621,0.599858283996582,0.5836917757987976,-0.04478808864951134,0.5983016490936279,0.6037505269050598,-0.05020403489470482,0.5963041186332703,0.622180163860321,-0.053485672920942307,0.6115319132804871,0.5579552054405212,-0.030041515827178955,0.6177765727043152,0.5780249238014221,-0.040272969752550125,0.6214148998260498,0.5881343483924866,-0.04451478645205498,0.6224433779716492,0.6005362272262573,-0.047467999160289764,17.222164399999997
0.6011489629745483,0.5203853845596313,0.0,0.5867649912834167,0.5292758345603943,-0.00805147085338831,0.5755699276924133,0.5473757386207581,-0.017444200813770294,0.5721273422241211,0.5664867162704468,-0.024215059354901314,0.5719396471977234,0.5797872543334961,-0.03168622404336929,0.5783270001411438,0.5436869263648987,-0.0349649153649807,0.56741863489151,0.5696989893913269,-0.04768209159374237,0.5607487559318542,0.5899686217308044,-0.054319411516189575,0.5557113885879517,0.6077510118484497,-0.05875386297702789,0.5901457667350769,0.549051821231842,-0.034984178841114044,0.5817838311195374,0.5773050785064697,-0.04852550849318504,0.5774229168891907,0.5986247062683105,-0.054008111357688904,0.574120044708252,0.616087019443512,-0.05830579251050949,0.6016485691070557,0.5530959963798523,-0.03369234502315521,0.5996714234352112,0.5831859111785889,-0.04741876572370529,0.5976595878601074,0.6038886904716492,-0.05354886129498482,0.5954865217208862,0.6226511001586914,-0.05730247125029564,0.6114398837089539,0.5576432943344116,-0.03171559050679207,0.6183672547340393,0.5778519511222839,-0.0425100214779377,0.6226364970207214,0.5882989764213562,-0.04724990576505661,0.6241836547851562,0.6007561683654785,-0.05063922330737114,17.279374700000005
0.6003496646881104,0.5211542248725891,0.0,0.5858165621757507,0.5300489068031311,-0.008951344527304173,0.574873149394989,0.5491759777069092,-0.018553616479039192,0.5710579752922058,0.5685142278671265,-0.025338802486658096,0.5695687532424927,0.5817949771881104,-0.032856088131666183,0.5776575803756714,0.5446990132331848,-0.03634314239025116,0.5679091215133667,0.5713421702384949,-0.04951067268848419,0.5615646839141846,0.5911867022514343,-0.05627201870083809,0.5565685033798218,0.6083245277404785,-0.06063387542963028,0.5896958708763123,0.5505967140197754,-0.03591398522257805,0.5826994776725769,0.5792621970176697,-0.04942219331860542,0.5791636109352112,0.600466251373291,-0.05445114150643349,0.5763123035430908,0.6177866458892822,-0.058438412845134735,0.6011764407157898,0.5551249384880066,-0.03427426517009735,0.5994728803634644,0.58305823802948,-0.04788782820105553,0.5968849658966064,0.602336049079895,-0.05377545207738876,0.5940654873847961,0.6199682950973511,-0.05737929418683052,0.610898494720459,0.5593532919883728,-0.032079510390758514,0.6181455850601196,0.5775610208511353,-0.042700670659542084,0.6225577592849731,0.5876002311706543,-0.04734548181295395,0.624413013458252,0.5995969772338867,-0.050674233585596085,17.33362729999999
0.601027250289917,0.5219997763633728,0.0,0.5863812565803528,0.5304738283157349,-0.008457820862531662,0.5753733515739441,0.5499147772789001,-0.01779981143772602,0.5715979337692261,0.5702402591705322,-0.024328311905264854,0.5703005194664001,0.5848655104637146,-0.03151194751262665,0.5784024000167847,0.5443683862686157,-0.03601638972759247,0.5678783059120178,0.5719725489616394,-0.048752397298812866,0.5615923404693604,0.5926873087882996,-0.054910797625780106,0.556704044342041,0.6104316711425781,-0.05880329757928848,0.5903428792953491,0.5506479740142822,-0.03560147434473038,0.5828569531440735,0.5795554518699646,-0.04867997765541077,0.5790664553642273,0.6013991236686707,-0.05283992737531662,0.5762764811515808,0.6189697980880737,-0.05611642822623253,0.601676344871521,0.5551937222480774,-0.03390059992671013,0.5996169447898865,0.5838086009025574,-0.04678856208920479,0.5970902442932129,0.6045313477516174,-0.05151946470141411,0.5945965647697449,0.6226762533187866,-0.0543939583003521,0.6112664341926575,0.5597423911094666,-0.03167027607560158,0.6188876032829285,0.5784643888473511,-0.0415116623044014,0.6236706376075745,0.5886784195899963,-0.04532228410243988,0.6259611248970032,0.6003536581993103,-0.048045605421066284,17.376651199999998
0.6000855565071106,0.5205890536308289,0.0,0.5863342881202698,0.529412567615509,-0.00705766724422574,0.5753471255302429,0.5497539639472961,-0.015359912998974323,0.5707104802131653,0.5707274675369263,-0.021499089896678925,0.5686081647872925,0.5851510167121887,-0.02831278368830681,0.578747034072876,0.5435559749603271,-0.03112897463142872,0.5680590867996216,0.571907639503479,-0.042517129331827164,0.5622084140777588,0.5921968221664429,-0.04795427620410919,0.5579113960266113,0.609437882900238,-0.051508620381355286,0.5903704762458801,0.5491862297058105,-0.03159189596772194,0.5829041600227356,0.5794419646263123,-0.04345976561307907,0.5790277123451233,0.6011458039283752,-0.0471920520067215,0.5762795805931091,0.6184701919555664,-0.05013403296470642,0.6016528010368347,0.5532836318016052,-0.03094017133116722,0.5999884009361267,0.5828841924667358,-0.04266183450818062,0.5972681045532227,0.6034005284309387,-0.04665597528219223,0.5946258902549744,0.6216496825218201,-0.04912712052464485,0.6115962862968445,0.5572839379310608,-0.029854299500584602,0.6190395951271057,0.5775434970855713,-0.03900829702615738,0.6237982511520386,0.5888800621032715,-0.042269058525562286,0.6263022422790527,0.6015995740890503,-0.04453666880726814,17.424246299999993
0.6016882061958313,0.5224231481552124,0.0,0.5864677429199219,0.531486451625824,-0.006845151074230671,0.5753743648529053,0.5510183572769165,-0.01517504546791315,0.571114182472229,0.5714163780212402,-0.021229632198810577,0.5685777068138123,0.5867663621902466,-0.028099123388528824,0.5780351758003235,0.5471682548522949,-0.032513201236724854,0.5677449703216553,0.5744086503982544,-0.044464513659477234,0.5615663528442383,0.5946111083030701,-0.05049782618880272,0.5567415356636047,0.6120145320892334,-0.05447418615221977,0.5899518728256226,0.5532193183898926,-0.03306495398283005,0.5827001333236694,0.5809640884399414,-0.04605165868997574,0.5788767337799072,0.6021434664726257,-0.050896093249320984,0.5763236284255981,0.6193508505821228,-0.05464509502053261,0.6014893651008606,0.5568684935569763,-0.03234100714325905,0.5998056530952454,0.5840421319007874,-0.045510727912187576,0.5974075198173523,0.6044626235961914,-0.0511917918920517,0.595365583896637,0.622726559638977,-0.05463454872369766,0.6113951802253723,0.5604605078697205,-0.03095749393105507,0.6190020442008972,0.5774058103561401,-0.04123959317803383,0.623611569404602,0.5875803232192993,-0.04572271183133125,0.626067042350769,0.5996636748313904,-0.04890679195523262,17.474327200000005
0.6001288890838623,0.5266428589820862,0.0,0.5855875015258789,0.5345538258552551,-0.00973903015255928,0.5747246742248535,0.5520675182342529,-0.020006485283374786,0.5710422396659851,0.5711744427680969,-0.026997657492756844,0.5699283480644226,0.5845409631729126,-0.0347888320684433,0.5785316824913025,0.5440097451210022,-0.03963129222393036,0.5678254961967468,0.5720877051353455,-0.05338840186595917,0.561126708984375,0.5935641527175903,-0.06031167134642601,0.5561496615409851,0.6116721630096436,-0.06476368010044098,0.590199887752533,0.5495479106903076,-0.03876004368066788,0.5827051997184753,0.5795510411262512,-0.052612725645303726,0.5788213014602661,0.602695643901825,-0.05760597065091133,0.5759865641593933,0.6200674772262573,-0.06174291670322418,0.6014683842658997,0.5542092323303223,-0.036477744579315186,0.5994036197662354,0.5837056636810303,-0.05038995295763016,0.5965433716773987,0.6053542494773865,-0.05633412301540375,0.5935885906219482,0.624309778213501,-0.06018783152103424,0.6108438968658447,0.5591346621513367,-0.03357922285795212,0.6187999844551086,0.5789899826049805,-0.044521283358335495,0.6237931251525879,0.5906094908714294,-0.04933781549334526,0.6262598037719727,0.6034067273139954,-0.05294328182935715,17.529365799999994
0.6000591516494751,0.5277779698371887,0.0,0.5849542021751404,0.5383132696151733,-0.010757031850516796,0.5743924975395203,0.5564783215522766,-0.021596647799015045,0.5714386105537415,0.576204240322113,-0.028916407376527786,0.570562481880188,0.5896825790405273,-0.03724464029073715,0.5772706270217896,0.5497599840164185,-0.04261702299118042,0.567618727684021,0.5732699632644653,-0.058487243950366974,0.5605678558349609,0.5942286252975464,-0.06743631511926651,0.5555611848831177,0.6114501953125,-0.07332810759544373,0.5893263816833496,0.5558018684387207,-0.04170839115977287,0.5817508697509766,0.5806684494018555,-0.05866612121462822,0.5784698128700256,0.6036385297775269,-0.06634368002414703,0.5763193368911743,0.6212239861488342,-0.07229235023260117,0.6006711721420288,0.5601473450660706,-0.039366692304611206,0.5991578102111816,0.5840393304824829,-0.056714192032814026,0.5968917608261108,0.6048262715339661,-0.06549331545829773,0.5941638946533203,0.6231585741043091,-0.07077576220035553,0.610019862651825,0.563825786113739,-0.03625313937664032,0.6189229488372803,0.5798747539520264,-0.05011238157749176,0.6248356699943542,0.5895923376083374,-0.0569671131670475,0.627581775188446,0.6013634204864502,-0.06180056184530258,17.57798439999999
0.6002171635627747,0.5263465046882629,0.0,0.5868196487426758,0.5346127152442932,-0.008328570984303951,0.5758100152015686,0.5531508922576904,-0.017349334433674812,0.5707544088363647,0.5732394456863403,-0.023872654885053635,0.5680028200149536,0.5874369740486145,-0.031095057725906372,0.5783132314682007,0.5478500723838806,-0.03369631990790367,0.5672991275787354,0.5730492472648621,-0.04620738327503204,0.5605053901672363,0.5934273600578308,-0.052907656878232956,0.5555318593978882,0.6114152669906616,-0.05739613622426987,0.5894389152526855,0.5551741123199463,-0.03363354504108429,0.5814086198806763,0.580974817276001,-0.045952629297971725,0.5780906081199646,0.6025604009628296,-0.05051904171705246,0.5758271813392639,0.6199634075164795,-0.0543595589697361,0.6004576086997986,0.5599259734153748,-0.03248879313468933,0.5986844897270203,0.58514404296875,-0.044588301330804825,0.5966941714286804,0.6050315499305725,-0.04965086653828621,0.5945772528648376,0.6231732368469238,-0.05308298021554947,0.6101351976394653,0.5633504986763,-0.03096945397555828,0.6178425550460815,0.5802679657936096,-0.04078570753335953,0.6227660775184631,0.5900232791900635,-0.04494285210967064,0.6252581477165222,0.6019290089607239,-0.04797613248229027,17.628785899999997
0.6004534959793091,0.5268155336380005,0.0,0.5865511298179626,0.5333767533302307,-0.006924987304955721,0.5753343105316162,0.5524379014968872,-0.014609198085963726,0.5703640580177307,0.5738691091537476,-0.020152045413851738,0.5675103068351746,0.5885569453239441,-0.026371270418167114,0.5778273344039917,0.5483948588371277,-0.028985222801566124,0.5667924284934998,0.5752003192901611,-0.03975914046168327,0.5603092908859253,0.5950241684913635,-0.04523831978440285,0.5553072094917297,0.6123557686805725,-0.04886198043823242,0.5888203978538513,0.5555474758148193,-0.02915567345917225,0.580847978591919,0.5831506252288818,-0.03930041566491127,0.5774421095848083,0.6045085787773132,-0.04250706359744072,0.575168788433075,0.6217474937438965,-0.04538330063223839,0.600135862827301,0.5600709915161133,-0.02842303365468979,0.5979399085044861,0.5868271589279175,-0.038867708295583725,0.5961093902587891,0.6072279810905457,-0.042764924466609955,0.5943431258201599,0.6250622868537903,-0.045405637472867966,0.6102801561355591,0.5632944703102112,-0.027340620756149292,0.6179711818695068,0.5804333090782166,-0.03590508922934532,0.6227877736091614,0.5893017649650574,-0.03917156904935837,0.62531578540802,0.5997894406318665,-0.041498586535453796,17.678884900000014
0.5990820527076721,0.5274463891983032,0.0,0.5856329798698425,0.5357468724250793,-0.00869289692491293,0.5748340487480164,0.5530575513839722,-0.01790560595691204,0.5707854628562927,0.5724199414253235,-0.024422194808721542,0.5694203972816467,0.5843857526779175,-0.031890012323856354,0.5772637724876404,0.5492101907730103,-0.03537408262491226,0.5669131278991699,0.5741929411888123,-0.04839393123984337,0.5602874159812927,0.5939496159553528,-0.05545346811413765,0.5553890466690063,0.6110347509384155,-0.060231249779462814,0.5887062549591064,0.556248128414154,-0.035363778471946716,0.5808526277542114,0.5817225575447083,-0.04831437021493912,0.5774694681167603,0.6027787923812866,-0.053694598376750946,0.575011670589447,0.6191390752792358,-0.05828516557812691,0.599774956703186,0.560688853263855,-0.03425446152687073,0.5978288054466248,0.5859498977661133,-0.04805075004696846,0.5956935286521912,0.6059142351150513,-0.055082838982343674,0.5930193066596985,0.6243225932121277,-0.059686079621315,0.6094034314155579,0.5640555620193481,-0.03252626210451126,0.6182211637496948,0.5809407830238342,-0.04407177120447159,0.6240569353103638,0.5906078815460205,-0.04972546175122261,0.6269834041595459,0.6021996736526489,-0.053830720484256744,17.72825789999999
0.6001274585723877,0.5264660716056824,0.0,0.5854989290237427,0.5350751280784607,-0.008330398239195347,0.5741003155708313,0.5540173053741455,-0.017817122861742973,0.5695528984069824,0.5741652250289917,-0.024691840633749962,0.5673990249633789,0.5883076786994934,-0.032403457909822464,0.5771735310554504,0.5486732721328735,-0.03576521575450897,0.5662193894386292,0.5751275420188904,-0.048782579600811005,0.5594068169593811,0.5956225991249084,-0.05558806657791138,0.5542007088661194,0.6133265495300293,-0.06016216799616814,0.5888645052909851,0.5550251603126526,-0.03597330302000046,0.5808973908424377,0.582673966884613,-0.04957983270287514,0.5770136713981628,0.6039338707923889,-0.054865941405296326,0.5741526484489441,0.621049702167511,-0.05914434418082237,0.6002119779586792,0.5592123866081238,-0.034894730895757675,0.5979989767074585,0.5861623883247375,-0.04851694032549858,0.5954040288925171,0.6061384081840515,-0.054553721100091934,0.5927261114120483,0.6246541142463684,-0.05847214162349701,0.609948992729187,0.5627797245979309,-0.03323764353990555,0.6174156665802002,0.580184817314148,-0.04420812055468559,0.6222825050354004,0.5900896191596985,-0.04902112856507301,0.6246334314346313,0.6024729013442993,-0.05250927805900574,17.76800560000001
0.5995602607727051,0.5270521640777588,0.0,0.5856378078460693,0.5351285338401794,-0.008927697315812111,0.5748949646949768,0.5530182719230652,-0.018272094428539276,0.5712700486183167,0.5733388066291809,-0.024762876331806183,0.5701144933700562,0.5869268178939819,-0.03208306431770325,0.5773926973342896,0.5487854480743408,-0.0360635444521904,0.5666921734809875,0.5739818811416626,-0.04924681782722473,0.5599696636199951,0.5944710969924927,-0.05630515143275261,0.5551537275314331,0.6116702556610107,-0.06095418706536293,0.5887263417243958,0.5557031035423279,-0.03565248101949692,0.580916166305542,0.5816951990127563,-0.04878730699419975,0.5773619413375854,0.6038220524787903,-0.05397828668355942,0.574887216091156,0.6207171678543091,-0.058301277458667755,0.5997750759124756,0.560320258140564,-0.03408117964863777,0.5974844694137573,0.5857706665992737,-0.047618575394153595,0.5951144099235535,0.606191098690033,-0.05402260646224022,0.5925235748291016,0.6242924332618713,-0.0581490583717823,0.6093424558639526,0.5640524625778198,-0.03194423392415047,0.617804765701294,0.5816409587860107,-0.04284901171922684,0.623530924320221,0.5914044380187988,-0.04791140928864479,0.6266955733299255,0.602360188961029,-0.051601655781269073,17.8215682
0.6000581383705139,0.5274732708930969,0.0,0.5857340693473816,0.5346126556396484,-0.008582361973822117,0.5742582082748413,0.5529888868331909,-0.01775549352169037,0.5695942044258118,0.5733237266540527,-0.024236449971795082,0.5675133466720581,0.5866119861602783,-0.0314737893640995,0.5768248438835144,0.5485303997993469,-0.03525949642062187,0.566521167755127,0.5751016736030579,-0.04781871289014816,0.5603175759315491,0.5953400135040283,-0.054102979600429535,0.5555586814880371,0.6129242181777954,-0.058225203305482864,0.5884854793548584,0.5556653141975403,-0.03503558039665222,0.5809568762779236,0.5825315117835999,-0.04771152511239052,0.5775661468505859,0.6042965650558472,-0.05203717574477196,0.5750483870506287,0.6216412782669067,-0.055603835731744766,0.5997955799102783,0.5601093769073486,-0.033633146435022354,0.5980343818664551,0.5862175822257996,-0.046435996890068054,0.5958720445632935,0.6062911748886108,-0.05163799226284027,0.5933533310890198,0.6243425607681274,-0.054939672350883484,0.6096106171607971,0.5637660622596741,-0.03175113722681999,0.6177327632904053,0.5810977816581726,-0.04208306968212128,0.6227321028709412,0.5911109447479248,-0.046392347663640976,0.6249244809150696,0.6029641628265381,-0.0494144931435585,17.873253000000005
0.59955894947052,0.5273566246032715,0.0,0.5854079723358154,0.5351501107215881,-0.008548554033041,0.5741613507270813,0.5536972880363464,-0.01764020323753357,0.5696967244148254,0.5746376514434814,-0.02422308549284935,0.567456066608429,0.5888007283210754,-0.031662024557590485,0.5775675177574158,0.5478429794311523,-0.034414637833833694,0.5668849349021912,0.573727011680603,-0.04729704186320305,0.5599476099014282,0.5935208201408386,-0.05426843464374542,0.554638683795929,0.6105986833572388,-0.05897706747055054,0.5888721346855164,0.5551626086235046,-0.03456573933362961,0.5806594491004944,0.5809754133224487,-0.04724708944559097,0.5773029923439026,0.6024010181427002,-0.052184149622917175,0.5748440623283386,0.6199721693992615,-0.05638345330953598,0.59967041015625,0.5601080656051636,-0.033677734434604645,0.5983446836471558,0.5846405625343323,-0.046595167368650436,0.596170961856842,0.604698896408081,-0.052511584013700485,0.5934433937072754,0.623313307762146,-0.05647023767232895,0.6092338562011719,0.5633793473243713,-0.03236796706914902,0.618419885635376,0.5800322890281677,-0.04309797286987305,0.6242662668228149,0.5900212526321411,-0.04794543981552124,0.6271353960037231,0.6020318269729614,-0.05143400654196739,17.923012599999993
0.5997084379196167,0.5275219082832336,0.0,0.5855938196182251,0.5346221923828125,-0.008780031464993954,0.5742146968841553,0.5519077777862549,-0.018083695322275162,0.5695352554321289,0.5718405246734619,-0.024701595306396484,0.5674968957901001,0.5858308672904968,-0.03215745463967323,0.5772852897644043,0.5472617745399475,-0.0353291817009449,0.5667200088500977,0.5737779140472412,-0.04813332110643387,0.5603888034820557,0.5943853855133057,-0.05486714094877243,0.5558457970619202,0.6122038960456848,-0.059385478496551514,0.588671088218689,0.5548338294029236,-0.035240933299064636,0.5810663104057312,0.5815163850784302,-0.04813738167285919,0.5776653289794922,0.6032546162605286,-0.05306771770119667,0.5752527117729187,0.6203103065490723,-0.05723366141319275,0.5996929407119751,0.5598423480987549,-0.03400231525301933,0.5979582071304321,0.5857183933258057,-0.04710235074162483,0.5958477258682251,0.6058008074760437,-0.05300866812467575,0.5935115218162537,0.6238124966621399,-0.05695979669690132,0.6092817783355713,0.5637463927268982,-0.032279640436172485,0.6177112460136414,0.5806395411491394,-0.04299243167042732,0.6232486963272095,0.5902096033096313,-0.04777926206588745,0.626120388507843,0.6016291379928589,-0.05129152908921242,17.976030100000003
0.5989504456520081,0.5270919799804688,0.0,0.584904670715332,0.5347393751144409,-0.00811506062746048,0.5740273594856262,0.5531511306762695,-0.017044246196746826,0.569219708442688,0.5733621716499329,-0.02346792072057724,0.5667709708213806,0.5869150757789612,-0.0307647492736578,0.5775347352027893,0.5477959513664246,-0.03404035046696663,0.5668004751205444,0.574088454246521,-0.04659770429134369,0.5602356791496277,0.5937061309814453,-0.05306868255138397,0.5552930235862732,0.6105886697769165,-0.05735877528786659,0.5888010263442993,0.5549314022064209,-0.03431902453303337,0.5810107588768005,0.5821488499641418,-0.04664674028754234,0.5773687958717346,0.6032593250274658,-0.050957780331373215,0.5745319128036499,0.620015561580658,-0.05464988574385643,0.5996840000152588,0.5596715807914734,-0.03352200984954834,0.5978671312332153,0.5856313705444336,-0.04608328640460968,0.5952087640762329,0.6054291725158691,-0.051276255398988724,0.5919612050056458,0.6237656474113464,-0.054754748940467834,0.6091600060462952,0.562835693359375,-0.03227312117815018,0.6180687546730042,0.5803635716438293,-0.04256341606378555,0.6239021420478821,0.5902218818664551,-0.04680031165480614,0.6267638802528381,0.6019791960716248,-0.049876127392053604,18.023968499999995
0.5998336672782898,0.5260457992553711,0.0,0.5852037072181702,0.5342264175415039,-0.008210658095777035,0.573727011680603,0.5534848570823669,-0.016979191452264786,0.5687825679779053,0.5741733312606812,-0.023283157497644424,0.5654499530792236,0.5892612338066101,-0.03037351742386818,0.5767833590507507,0.5481493473052979,-0.03362508490681648,0.565986692905426,0.5745807886123657,-0.04580812156200409,0.559708297252655,0.5948644280433655,-0.052117448300123215,0.5551335215568542,0.6124014854431152,-0.05634772405028343,0.5883002877235413,0.5554948449134827,-0.03365520015358925,0.5805272459983826,0.5816851854324341,-0.046215638518333435,0.5769462585449219,0.603203535079956,-0.050906263291835785,0.5744255781173706,0.6203708052635193,-0.054777245968580246,0.5994017124176025,0.5599195957183838,-0.032536350190639496,0.5975838303565979,0.5844514966011047,-0.04491670802235603,0.5951633453369141,0.6042286157608032,-0.0503196120262146,0.5927353501319885,0.6222754120826721,-0.05394585430622101,0.6091736555099487,0.5628851056098938,-0.030999744310975075,0.6166519522666931,0.5784724950790405,-0.041005928069353104,0.6215184330940247,0.5878866910934448,-0.04537637531757355,0.6242528557777405,0.5994771718978882,-0.048564229160547256,18.0759903
0.5978953242301941,0.5269572138786316,0.0,0.5849599242210388,0.5342533588409424,-0.007757026236504316,0.5743122100830078,0.5519151091575623,-0.01618959940969944,0.5699179172515869,0.5722130537033081,-0.0221584253013134,0.5675835609436035,0.5845718383789062,-0.02895093336701393,0.576832115650177,0.5474065542221069,-0.03209066018462181,0.5661290287971497,0.5723675489425659,-0.04391959682106972,0.5595446228981018,0.5925382971763611,-0.050178710371255875,0.5545881390571594,0.6103451251983643,-0.05438590049743652,0.5878860354423523,0.5534247159957886,-0.03205478563904762,0.5797773599624634,0.5798015594482422,-0.04328303039073944,0.5761034488677979,0.6015279293060303,-0.04750644415616989,0.5734913349151611,0.6185570955276489,-0.051248058676719666,0.598953902721405,0.5574930310249329,-0.03101644292473793,0.5970802307128906,0.5850412845611572,-0.04319799318909645,0.5948976278305054,0.6063122749328613,-0.04889550805091858,0.5922102332115173,0.6254720091819763,-0.05260143056511879,0.6087803244590759,0.5607865452766418,-0.02940325252711773,0.6177817583084106,0.5800365209579468,-0.0395352877676487,0.6233628392219543,0.5907057523727417,-0.04419494792819023,0.6260258555412292,0.6025356650352478,-0.04755160212516785,18.127321999999992
0.5994790196418762,0.5248355865478516,0.0,0.5845357775688171,0.5334643125534058,-0.009143420495092869,0.5733982920646667,0.5522145628929138,-0.01894071139395237,0.5694621801376343,0.5722109079360962,-0.025741392746567726,0.5676628351211548,0.586702287197113,-0.03329666703939438,0.5758938193321228,0.5478338599205017,-0.038202915340662,0.5651490688323975,0.574607253074646,-0.05162942036986351,0.5585705637931824,0.5954043865203857,-0.05842166021466255,0.5535681247711182,0.6133182644844055,-0.06289646029472351,0.5875242352485657,0.5549034476280212,-0.03771092742681503,0.5797345042228699,0.5821198225021362,-0.051929544657468796,0.5758996605873108,0.6039251089096069,-0.057252444326877594,0.5730410218238831,0.6209768652915955,-0.06146998703479767,0.5988394021987915,0.559328556060791,-0.03582017496228218,0.596747636795044,0.5853912830352783,-0.04987676441669464,0.5944209694862366,0.6051182746887207,-0.05602756887674332,0.5919557213783264,0.6228924989700317,-0.059876348823308945,0.6083754301071167,0.5631393194198608,-0.03333597257733345,0.6161522269248962,0.5800057649612427,-0.044400740414857864,0.6210456490516663,0.5901113748550415,-0.049378421157598495,0.6233104467391968,0.6025086045265198,-0.05296389013528824,18.173278699999997
0.5978964567184448,0.5283412933349609,0.0,0.5837451219558716,0.5366764068603516,-0.010144378989934921,0.57318115234375,0.5536257028579712,-0.020214559510350227,0.5695294737815857,0.5732744336128235,-0.027008090168237686,0.5677893161773682,0.586771547794342,-0.03482535853981972,0.5759126543998718,0.5493677258491516,-0.03999907895922661,0.5656282305717468,0.5728093385696411,-0.054439108818769455,0.5587365627288818,0.5937259793281555,-0.062441207468509674,0.5539215207099915,0.6113817691802979,-0.06780284643173218,0.5870655179023743,0.5572710037231445,-0.039137326180934906,0.5794537663459778,0.5804964900016785,-0.053801145404577255,0.5760775804519653,0.602269172668457,-0.06009985879063606,0.5738985538482666,0.6185764670372009,-0.06528791785240173,0.5979445576667786,0.5621916055679321,-0.03697819635272026,0.5961718559265137,0.5842515230178833,-0.05213097855448723,0.5940735340118408,0.6035128235816956,-0.05995751917362213,0.5915632843971252,0.6206831932067871,-0.06495720148086548,0.6072746515274048,0.565390944480896,-0.034179482609033585,0.6167835593223572,0.5810253620147705,-0.04679376259446144,0.6229465007781982,0.5901319980621338,-0.053217921406030655,0.626283586025238,0.6010004281997681,-0.05781671404838562,18.2240209
0.5990825891494751,0.5265323519706726,0.0,0.5852577090263367,0.5333887338638306,-0.008487487211823463,0.5737543106079102,0.5514584183692932,-0.017412977293133736,0.5686026215553284,0.5717394351959229,-0.023886319249868393,0.5659034848213196,0.5862981677055359,-0.03114098124206066,0.5762852430343628,0.5481037497520447,-0.03324125334620476,0.5652670860290527,0.5744694471359253,-0.045336976647377014,0.5588081479072571,0.5947631597518921,-0.051718175411224365,0.5541382431983948,0.6127104163169861,-0.056035835295915604,0.5876326560974121,0.5554962158203125,-0.03322277218103409,0.5794185996055603,0.582324743270874,-0.045361731201410294,0.5757347941398621,0.6033392548561096,-0.05001331865787506,0.573314368724823,0.6204626560211182,-0.053909603506326675,0.5986577868461609,0.5599221587181091,-0.03215790539979935,0.5965907573699951,0.5854420065879822,-0.04431008920073509,0.5942234396934509,0.6046566963195801,-0.04974861815571785,0.5918893218040466,0.6225133538246155,-0.05343763530254364,0.6083717942237854,0.5630477070808411,-0.030718790367245674,0.6157546043395996,0.579608142375946,-0.04068420082330704,0.6206750869750977,0.5891674757003784,-0.04510793089866638,0.6233211159706116,0.6010667085647583,-0.04835239425301552,18.27366380000001
0.5973188877105713,0.5276999473571777,0.0,0.5838664174079895,0.534506618976593,-0.009360822848975658,0.5725845694541931,0.5524253845214844,-0.01894160360097885,0.5676969289779663,0.5729008316993713,-0.025634467601776123,0.5649597644805908,0.5864681601524353,-0.03312717005610466,0.5764709711074829,0.5457861423492432,-0.03623909130692482,0.5656349062919617,0.572326123714447,-0.04908787086606026,0.5588228702545166,0.5934617519378662,-0.05560631677508354,0.553683876991272,0.6116696000099182,-0.05990179628133774,0.5875749588012695,0.5524670481681824,-0.03567575663328171,0.5796633958816528,0.5796054601669312,-0.04832061752676964,0.5757735967636108,0.6018686890602112,-0.052644502371549606,0.5729740858078003,0.6189669370651245,-0.05629456788301468,0.5983895659446716,0.5572064518928528,-0.03397306799888611,0.5965887904167175,0.5839932560920715,-0.04689609631896019,0.5938964486122131,0.604657769203186,-0.052093710750341415,0.5908128023147583,0.6230138540267944,-0.05548037961125374,0.6077755093574524,0.5609193444252014,-0.03184036538004875,0.6162739992141724,0.5799556374549866,-0.04241879656910896,0.621855616569519,0.5909744501113892,-0.04678618162870407,0.6247376799583435,0.6030145883560181,-0.04988401010632515,18.326313099999993
0.5980330109596252,0.5256872773170471,0.0,0.5839980840682983,0.5326347947120667,-0.007695748936384916,0.5730894804000854,0.5517264604568481,-0.016182439401745796,0.5688424110412598,0.5731022357940674,-0.022309865802526474,0.5674673318862915,0.588482677936554,-0.02921907603740692,0.5757060050964355,0.5471187233924866,-0.03255028650164604,0.5653124451637268,0.5748724937438965,-0.04411066696047783,0.5589501261711121,0.5947293043136597,-0.04977288842201233,0.5541375875473022,0.6117928624153137,-0.05355454236268997,0.5870147943496704,0.5538619160652161,-0.03281477466225624,0.5794236063957214,0.5821167826652527,-0.044594310224056244,0.5756237506866455,0.6032631993293762,-0.048433247953653336,0.5728884339332581,0.6200155019760132,-0.05166532099246979,0.5978952050209045,0.558288037776947,-0.031971853226423264,0.596230149269104,0.5848145484924316,-0.04372271150350571,0.5938192009925842,0.6041321158409119,-0.048258379101753235,0.5912420749664307,0.6214617490768433,-0.05128256976604462,0.6074209213256836,0.5615687966346741,-0.030731840059161186,0.6153453588485718,0.5793991088867188,-0.040278661996126175,0.6205902099609375,0.589547872543335,-0.04408423230051994,0.6234315037727356,0.6012200117111206,-0.04682295024394989,18.379872199999994
0.5974639058113098,0.5265769958496094,0.0,0.5840115547180176,0.533261775970459,-0.008883270435035229,0.5727270245552063,0.5505791902542114,-0.017787257209420204,0.5676841139793396,0.5703506469726562,-0.024117639288306236,0.5650326609611511,0.5847262740135193,-0.031218092888593674,0.5756097435951233,0.5481081008911133,-0.033392541110515594,0.5650870203971863,0.57280033826828,-0.045809030532836914,0.5583407878875732,0.5928885340690613,-0.052395615726709366,0.5534902215003967,0.610671877861023,-0.05675743147730827,0.5864685773849487,0.5563091039657593,-0.03299231454730034,0.5786508917808533,0.581115186214447,-0.045038193464279175,0.5750172734260559,0.602118194103241,-0.04948917031288147,0.5725857019424438,0.6190794706344604,-0.05323237553238869,0.5972960591316223,0.5611693859100342,-0.031670596450567245,0.5954127311706543,0.5849331617355347,-0.044033948332071304,0.5931719541549683,0.6036940217018127,-0.04950311779975891,0.5908219218254089,0.6210014820098877,-0.05305394530296326,0.6068529486656189,0.5639060139656067,-0.029999133199453354,0.6152558922767639,0.5799181461334229,-0.0402117483317852,0.6205562353134155,0.5891070365905762,-0.04473893344402313,0.6236144304275513,0.6001378893852234,-0.04792386665940285,18.428132500000004
0.5992357134819031,0.525948166847229,0.0,0.5845187902450562,0.5324823260307312,-0.008045796304941177,0.5733051300048828,0.5492856502532959,-0.016872916370630264,0.5689194202423096,0.5693498849868774,-0.023038269951939583,0.566432774066925,0.585037112236023,-0.02993120066821575,0.5754934549331665,0.5466949939727783,-0.03470349684357643,0.5645185708999634,0.5727338790893555,-0.0472264364361763,0.5578718781471252,0.5934692025184631,-0.05379728972911835,0.5531257390975952,0.611703634262085,-0.058162469416856766,0.5865520238876343,0.5548393130302429,-0.034514766186475754,0.5785040259361267,0.5810220241546631,-0.047609489411115646,0.5742144584655762,0.6024258732795715,-0.052599359303712845,0.5713176727294922,0.6193000078201294,-0.05661621689796448,0.5974771976470947,0.5598459839820862,-0.03302445262670517,0.595208466053009,0.585249662399292,-0.04597778990864754,0.592571496963501,0.6048513054847717,-0.05166202783584595,0.5902529954910278,0.6224639415740967,-0.05532066151499748,0.6070078015327454,0.5638318657875061,-0.030976086854934692,0.6145707368850708,0.5796060562133789,-0.04122577980160713,0.6193270683288574,0.588339626789093,-0.045743152499198914,0.6218647956848145,0.599152147769928,-0.049031928181648254,18.468864300000007
0.5956552028656006,0.5237452387809753,0.0,0.5819939970970154,0.5333055257797241,-0.01051395758986473,0.5716991424560547,0.551496148109436,-0.020974790677428246,0.5691884160041809,0.570382833480835,-0.028110969811677933,0.5690337419509888,0.5818566679954529,-0.03605794906616211,0.5748345255851746,0.5446463823318481,-0.03983122855424881,0.5646259784698486,0.5696050524711609,-0.0541030578315258,0.5580393075942993,0.591300904750824,-0.06181150674819946,0.5533503293991089,0.6101237535476685,-0.06688172370195389,0.5864477157592773,0.5505183339118958,-0.03862316906452179,0.5779435634613037,0.5774453282356262,-0.05306744948029518,0.5747319459915161,0.6003407835960388,-0.058846231549978256,0.5724453330039978,0.6179407238960266,-0.06348345428705215,0.5978742837905884,0.5556233525276184,-0.03613462671637535,0.5959051847457886,0.5823560357093811,-0.05046472325921059,0.5935013294219971,0.603253185749054,-0.05702081695199013,0.5902259945869446,0.6217800974845886,-0.06115535646677017,0.607650876045227,0.5597094893455505,-0.03311450406908989,0.6155080199241638,0.5792611241340637,-0.04462581127882004,0.6200968623161316,0.5911913514137268,-0.04995714873075485,0.6215621829032898,0.6043766140937805,-0.05377582088112831,18.521579099999997
0.5982842445373535,0.5220516324043274,0.0,0.5826995968818665,0.5314674377441406,-0.005772623233497143,0.5714374780654907,0.5517958402633667,-0.013520745560526848,0.5668606758117676,0.5726730823516846,-0.01929035782814026,0.5634995698928833,0.5879063010215759,-0.02590804360806942,0.5740955471992493,0.548794686794281,-0.030934400856494904,0.563727080821991,0.5765367746353149,-0.0424460768699646,0.557119607925415,0.5964285731315613,-0.04832886904478073,0.5519331097602844,0.6133190989494324,-0.05223825201392174,0.5854526162147522,0.5548722743988037,-0.03187455236911774,0.5784382820129395,0.5823003649711609,-0.04440390318632126,0.5745566487312317,0.6033104658126831,-0.048979051411151886,0.572079598903656,0.6200518012046814,-0.05251377075910568,0.5966238379478455,0.5583556890487671,-0.031512580811977386,0.5951285362243652,0.5841702818870544,-0.043948277831077576,0.5929506421089172,0.6035327315330505,-0.049123939126729965,0.59128338098526,0.6204346418380737,-0.05228970944881439,0.6062579154968262,0.5613773465156555,-0.03052377514541149,0.6137552261352539,0.5774518847465515,-0.040231943130493164,0.6184551119804382,0.5875234603881836,-0.044411979615688324,0.6214080452919006,0.5992265939712524,-0.04737456142902374,18.568542400000013
0.596344530582428,0.5247721076011658,0.0,0.5812190771102905,0.5344353318214417,-0.009341282770037651,0.570613443851471,0.5535476207733154,-0.01910489611327648,0.5668714046478271,0.5732812285423279,-0.025817478075623512,0.5648490786552429,0.5873235464096069,-0.03363936021924019,0.5729011297225952,0.549201488494873,-0.038920123130083084,0.5632250308990479,0.5747365355491638,-0.05331815406680107,0.5565057992935181,0.5953111052513123,-0.061354249715805054,0.5515413284301758,0.6126514673233032,-0.0667278915643692,0.5848022103309631,0.55677729845047,-0.038603510707616806,0.577757716178894,0.5816298723220825,-0.05355830863118172,0.5742881298065186,0.6031621098518372,-0.060078565031290054,0.571795642375946,0.6198440194129944,-0.06530946493148804,0.596047580242157,0.5613226294517517,-0.0369911752641201,0.5943047404289246,0.5840476155281067,-0.052162036299705505,0.5918130278587341,0.6030406355857849,-0.05991443246603012,0.5891385674476624,0.6201298236846924,-0.06490331143140793,0.6055112481117249,0.564033031463623,-0.03474041447043419,0.6137369871139526,0.5792151689529419,-0.047255851328372955,0.6192602515220642,0.5880759358406067,-0.053549520671367645,0.6223293542861938,0.5990815758705139,-0.058116622269153595,18.6129306
0.5960816144943237,0.5245787501335144,0.0,0.5823135375976562,0.5335718989372253,-0.008174577727913857,0.5719921588897705,0.552498459815979,-0.017049988731741905,0.5683938264846802,0.5725802779197693,-0.023200945928692818,0.5668337941169739,0.5874283909797668,-0.03015325590968132,0.5739892721176147,0.5484907031059265,-0.0351656898856163,0.5632117390632629,0.5749078392982483,-0.04776308313012123,0.5567854642868042,0.5954241156578064,-0.05430624634027481,0.5520592927932739,0.6124508380889893,-0.05864134430885315,0.5852370262145996,0.554244339466095,-0.03495096042752266,0.5776295065879822,0.5812352299690247,-0.048253919929265976,0.5739977955818176,0.6032351851463318,-0.05342385917901993,0.5715556740760803,0.6198804974555969,-0.05756891518831253,0.5962756872177124,0.5578597784042358,-0.03343241289258003,0.5941584706306458,0.5838371515274048,-0.046615298837423325,0.5921253561973572,0.604047954082489,-0.05251925438642502,0.5900949239730835,0.6213781237602234,-0.05630577355623245,0.6057350039482117,0.5611124038696289,-0.031330592930316925,0.613696813583374,0.578771710395813,-0.041768137365579605,0.6188105344772339,0.588807225227356,-0.04653311148285866,0.6215412020683289,0.5999313592910767,-0.05003366246819496,18.660124999999994
0.595869243144989,0.5271393656730652,0.0,0.581912100315094,0.5352615118026733,-0.00907454639673233,0.5707687735557556,0.5532655119895935,-0.018780939280986786,0.5668646097183228,0.5732437372207642,-0.025497091934084892,0.5652952194213867,0.5869937539100647,-0.03305618837475777,0.5737009644508362,0.5487886071205139,-0.037649620324373245,0.5632259845733643,0.574535608291626,-0.0509963259100914,0.5566594004631042,0.595658004283905,-0.05791574344038963,0.5517125129699707,0.6135552525520325,-0.06251969188451767,0.585215151309967,0.5549184679985046,-0.03725152090191841,0.5776429176330566,0.5814011693000793,-0.0511152483522892,0.5735511779785156,0.603153645992279,-0.056383099406957626,0.5705137252807617,0.6198828816413879,-0.06067543104290962,0.5965417623519897,0.5587689280509949,-0.035519078373909,0.5947080254554749,0.5849229097366333,-0.04943804815411568,0.5920853614807129,0.6053075194358826,-0.055538151413202286,0.5892296433448792,0.6235405802726746,-0.05944126471877098,0.6062644720077515,0.5621316432952881,-0.033197224140167236,0.6142494678497314,0.579969584941864,-0.04444115608930588,0.6193949580192566,0.5900000333786011,-0.04942299798130989,0.6219707727432251,0.6017915606498718,-0.05299580097198486,18.713270300000005
0.5963060855865479,0.5260694026947021,0.0,0.5824747085571289,0.5339968800544739,-0.006879384163767099,0.5714189410209656,0.5534729361534119,-0.014919989742338657,0.5667431950569153,0.5749464631080627,-0.020842833444476128,0.5646874308586121,0.5898371338844299,-0.027623869478702545,0.574279248714447,0.5489002466201782,-0.031076597049832344,0.5634235143661499,0.5758927464485168,-0.04257061332464218,0.5566772222518921,0.595608651638031,-0.04839411750435829,0.5514775514602661,0.6127625703811646,-0.052336208522319794,0.5853227972984314,0.5559142827987671,-0.031794339418411255,0.5773938298225403,0.5831703543663025,-0.043514493852853775,0.5736192464828491,0.6042075753211975,-0.047487784177064896,0.571028470993042,0.6209307909011841,-0.050808824598789215,0.5961679816246033,0.5600929856300354,-0.03143469989299774,0.5943981409072876,0.5860389471054077,-0.04321254789829254,0.5922653675079346,0.6054311990737915,-0.047781236469745636,0.5900291204452515,0.6228043437004089,-0.050803255289793015,0.6058279871940613,0.5629057884216309,-0.030648736283183098,0.6141749024391174,0.5800840258598328,-0.04028649628162384,0.6197052597999573,0.5895833373069763,-0.044087789952754974,0.6227796673774719,0.6009228229522705,-0.04677930101752281,18.76101750000001
0.5964498519897461,0.5271404385566711,0.0,0.5817399024963379,0.5357000231742859,-0.008608616888523102,0.5704599022865295,0.553964376449585,-0.01824195310473442,0.5664729475975037,0.5740243792533875,-0.024877341464161873,0.5648555755615234,0.5879653096199036,-0.03239169344305992,0.5734860897064209,0.5493279099464417,-0.03846628963947296,0.5629256963729858,0.5747827291488647,-0.05227270349860191,0.5561577677726746,0.5959611535072327,-0.05952712148427963,0.5513660907745361,0.6136066317558289,-0.064341239631176,0.5850340723991394,0.5564455986022949,-0.03826175257563591,0.5773465037345886,0.5818231701850891,-0.05299578234553337,0.573275089263916,0.6034289598464966,-0.05880606174468994,0.5704787373542786,0.6197962760925293,-0.06340739876031876,0.5961366295814514,0.5606107711791992,-0.036581579595804214,0.5940485000610352,0.5852568745613098,-0.051314547657966614,0.5914890170097351,0.6052018404006958,-0.058004915714263916,0.5889972448348999,0.6227583289146423,-0.06216847151517868,0.605435848236084,0.5641229748725891,-0.03418337553739548,0.6136595606803894,0.5804664492607117,-0.04596489667892456,0.6190000176429749,0.5899273753166199,-0.05134221538901329,0.6218031644821167,0.6013050079345703,-0.055171672254800797,18.811346799999995
0.5967000722885132,0.5269400477409363,0.0,0.5824257135391235,0.5344753265380859,-0.007313127629458904,0.571552574634552,0.5530399084091187,-0.01565580628812313,0.566910982131958,0.5740233659744263,-0.02152128890156746,0.5644708275794983,0.5896593928337097,-0.02829650603234768,0.5743018984794617,0.5480879545211792,-0.03357702121138573,0.5635579824447632,0.573747456073761,-0.0459856353700161,0.5570241808891296,0.5940818786621094,-0.05249946564435959,0.5525705218315125,0.6110835075378418,-0.05682150274515152,0.5853897929191589,0.5558263063430786,-0.03387296199798584,0.5776506662368774,0.5813940167427063,-0.04659442976117134,0.5739903450012207,0.6035277843475342,-0.0513317734003067,0.5715830326080322,0.6203866600990295,-0.05524534732103348,0.5961616039276123,0.560741126537323,-0.0329439640045166,0.5941610336303711,0.5848893523216248,-0.04579200968146324,0.5917726159095764,0.605410099029541,-0.05139331519603729,0.5892600417137146,0.6232166290283203,-0.055044956505298615,0.6054641008377075,0.5640604496002197,-0.03143540024757385,0.6138281226158142,0.5802993774414062,-0.04192686080932617,0.6194902062416077,0.5890035033226013,-0.0464835986495018,0.6225579380989075,0.5987850427627563,-0.04975653812289238,18.860292500000014
0.5966199636459351,0.5264596343040466,0.0,0.5830436944961548,0.533306360244751,-0.007951663807034492,0.5719094276428223,0.5518099665641785,-0.01641690917313099,0.5669557452201843,0.5731751322746277,-0.022396445274353027,0.5643486976623535,0.5889875292778015,-0.029178272932767868,0.574299693107605,0.547723650932312,-0.032793544232845306,0.5636880397796631,0.5735451579093933,-0.04500221088528633,0.5570343136787415,0.594510018825531,-0.05137426406145096,0.5523276925086975,0.6127861142158508,-0.055518485605716705,0.5848512649536133,0.555662214756012,-0.03261122480034828,0.5773686170578003,0.5818753242492676,-0.04430757462978363,0.5737777948379517,0.6034879684448242,-0.048182711005210876,0.5714631080627441,0.6203697919845581,-0.051480334252119064,0.5956112742424011,0.5604471564292908,-0.03143372759222984,0.5935659408569336,0.5856841802597046,-0.04333390295505524,0.5912635326385498,0.6051796674728394,-0.04796997085213661,0.5891507863998413,0.6221640706062317,-0.05097537115216255,0.6051546931266785,0.5634748339653015,-0.02986293099820614,0.6134023070335388,0.5807316303253174,-0.03959253430366516,0.618662416934967,0.590161144733429,-0.04349716752767563,0.6218981146812439,0.6006283164024353,-0.04622412472963333,18.907722500000006
0.5961614847183228,0.5269995927810669,0.0,0.582793116569519,0.5339620113372803,-0.008584750816226006,0.5714648962020874,0.5522692203521729,-0.01728210411965847,0.5661328434944153,0.5732053518295288,-0.02343672513961792,0.562986433506012,0.588013768196106,-0.030377928167581558,0.5745072960853577,0.5477350950241089,-0.03263785317540169,0.5635888576507568,0.5728309750556946,-0.04486722871661186,0.5568171143531799,0.5937111377716064,-0.05131973326206207,0.5518516898155212,0.6124768853187561,-0.05551958084106445,0.5852871537208557,0.5553646683692932,-0.032205980271101,0.577121913433075,0.5810404419898987,-0.04362979531288147,0.5734123587608337,0.6028261780738831,-0.04750657081604004,0.5709224343299866,0.6203405857086182,-0.05084887892007828,0.5961946845054626,0.5601983666419983,-0.030900876969099045,0.5939599871635437,0.58580482006073,-0.042797256261110306,0.5915783047676086,0.6058943867683411,-0.047548942267894745,0.5891286134719849,0.6237945556640625,-0.05061465874314308,0.6057868599891663,0.5631154775619507,-0.02925708144903183,0.6139637231826782,0.5809414982795715,-0.03908795863389969,0.6192308664321899,0.590878427028656,-0.043036606162786484,0.6222831606864929,0.6018821597099304,-0.045756276696920395,18.952696099999997
0.5970425605773926,0.5272568464279175,0.0,0.5827375054359436,0.5333763360977173,-0.007722943555563688,0.5716312527656555,0.5512953400611877,-0.015929607674479485,0.5666846036911011,0.5722925662994385,-0.02174958772957325,0.5637912154197693,0.5876419544219971,-0.02845984883606434,0.574355959892273,0.5478742122650146,-0.03198109194636345,0.563576877117157,0.5745253562927246,-0.04373902827501297,0.55686354637146,0.5951306223869324,-0.04991750791668892,0.5520433187484741,0.6132848858833313,-0.05405139550566673,0.5851230621337891,0.5558395981788635,-0.032060254365205765,0.5774644613265991,0.5825532078742981,-0.04361351206898689,0.5737251043319702,0.6039034128189087,-0.04772665351629257,0.5711281895637512,0.6209796667098999,-0.051247358322143555,0.595903217792511,0.5606176257133484,-0.031115980818867683,0.5934169292449951,0.5861548781394958,-0.043023962527513504,0.5911571979522705,0.6058253645896912,-0.048084162175655365,0.5889788269996643,0.6232806444168091,-0.0514751560986042,0.6054920554161072,0.5637407302856445,-0.02974744327366352,0.6138790845870972,0.5803852677345276,-0.039706796407699585,0.6193058490753174,0.5889319777488708,-0.04384518414735794,0.6223397850990295,0.5991349816322327,-0.04677613452076912,19.005049200000002
0.5960308909416199,0.5275583863258362,0.0,0.5818251371383667,0.5359116792678833,-0.008298179134726524,0.5706704258918762,0.5542022585868835,-0.01746288128197193,0.5661288499832153,0.5748369097709656,-0.023998169228434563,0.5641673803329468,0.5895815491676331,-0.03156948462128639,0.5735695362091064,0.5489707589149475,-0.035651128739118576,0.5632281303405762,0.5735191702842712,-0.04918054863810539,0.5566338300704956,0.5950613021850586,-0.05656206235289574,0.5520875453948975,0.6136454939842224,-0.06142352148890495,0.5847235918045044,0.5564600229263306,-0.03572320193052292,0.5771684646606445,0.5813693404197693,-0.04895535483956337,0.5739858746528625,0.6031646132469177,-0.05390562117099762,0.5719242095947266,0.6200176477432251,-0.05805744603276253,0.5957783460617065,0.5612257719039917,-0.03470594063401222,0.5936618447303772,0.5852764248847961,-0.04850422218441963,0.5912491679191589,0.6057639122009277,-0.05476398020982742,0.5885995626449585,0.6237898468971252,-0.058783769607543945,0.6053721308708191,0.564031720161438,-0.03310578316450119,0.6142363548278809,0.5806853175163269,-0.04457198828458786,0.620138943195343,0.5896764993667603,-0.04969077929854393,0.623627781867981,0.5996007323265076,-0.05331356078386307,19.048522200000008
0.5967997312545776,0.527417004108429,0.0,0.5825604796409607,0.5338823199272156,-0.008624044246971607,0.571061909198761,0.5524910092353821,-0.0174599289894104,0.5666350722312927,0.5738835334777832,-0.023725559934973717,0.5647526383399963,0.5893368721008301,-0.03085321933031082,0.5735718607902527,0.5484548807144165,-0.03391005098819733,0.5629078149795532,0.574691891670227,-0.04609515890479088,0.556358277797699,0.5950749516487122,-0.05240927264094353,0.5514968037605286,0.6126803755760193,-0.05664888024330139,0.584775984287262,0.5560605525970459,-0.03377356380224228,0.5771528482437134,0.5820961594581604,-0.04594239965081215,0.5733829736709595,0.603725016117096,-0.05028300732374191,0.5707556009292603,0.6208069920539856,-0.05398303642868996,0.5958217978477478,0.5606340765953064,-0.032590512186288834,0.594027578830719,0.5852492451667786,-0.04480752721428871,0.5917000770568848,0.6052323579788208,-0.05001820996403694,0.5892523527145386,0.6229669451713562,-0.05355025455355644,0.6056080460548401,0.5635505318641663,-0.031054427847266197,0.6136926412582397,0.5803338289260864,-0.04123856872320175,0.6191182732582092,0.5897477269172668,-0.04561414197087288,0.6221923828125,0.6005239486694336,-0.04874827712774277,19.099262400000015
0.5946692824363708,0.5259654521942139,0.0,0.5810360908508301,0.5358275771141052,-0.008875795640051365,0.570310652256012,0.5554246306419373,-0.018411578610539436,0.5666037201881409,0.5753000974655151,-0.025210091844201088,0.5650507807731628,0.5893238186836243,-0.03278729319572449,0.5734877586364746,0.5485913753509521,-0.03634267300367355,0.5634552240371704,0.5742219686508179,-0.0498347133398056,0.5569936633110046,0.5943597555160522,-0.05683187395334244,0.5521886348724365,0.6112334132194519,-0.0613740049302578,0.5847345590591431,0.5543346405029297,-0.036182697862386703,0.5770316123962402,0.5806986093521118,-0.04989251494407654,0.5737670063972473,0.6028188467025757,-0.054719146341085434,0.571435272693634,0.6203452348709106,-0.05855290964245796,0.5957899689674377,0.5585888028144836,-0.03487487882375717,0.5947607755661011,0.5839216709136963,-0.04831215366721153,0.5922889709472656,0.6043239235877991,-0.05353165790438652,0.5893843770027161,0.6222721934318542,-0.056775886565446854,0.6055377125740051,0.5613511204719543,-0.033142127096652985,0.6139933466911316,0.5793867111206055,-0.04388560727238655,0.6189103126525879,0.5903684496879578,-0.048258837312459946,0.621169924736023,0.6024861931800842,-0.051285091787576675,19.157768599999997
0.5971278548240662,0.5259137749671936,0.0,0.5817620754241943,0.5345138907432556,-0.007579507306218147,0.5705410242080688,0.5527908802032471,-0.016578875482082367,0.5660725235939026,0.5728294253349304,-0.022906603291630745,0.5633891820907593,0.5872101783752441,-0.03019348904490471,0.5729054808616638,0.5484254360198975,-0.03643646091222763,0.5624002814292908,0.5742225050926208,-0.04956911504268646,0.5558494925498962,0.594919741153717,-0.056521039456129074,0.5512744188308716,0.6121010780334473,-0.06124218925833702,0.5845528244972229,0.5561792850494385,-0.03680681437253952,0.5769550800323486,0.5810189843177795,-0.05102016404271126,0.5726935267448425,0.6026235818862915,-0.056778691709041595,0.5697686672210693,0.6190909147262573,-0.06140352413058281,0.5959213376045227,0.5604932904243469,-0.03571205586194992,0.5940060019493103,0.5839066505432129,-0.04985687881708145,0.5913715362548828,0.6037487983703613,-0.056566134095191956,0.5890294313430786,0.6211596131324768,-0.06086626648902893,0.6057320237159729,0.563878059387207,-0.03390225023031235,0.6138640642166138,0.5791336894035339,-0.04549839720129967,0.6189607381820679,0.5880272388458252,-0.050992466509342194,0.6218244433403015,0.5987635850906372,-0.05491992458701134,19.209507900000006
0.5964619517326355,0.52679842710495,0.0,0.5820858478546143,0.5348235368728638,-0.009142469614744186,0.5707048773765564,0.5529413223266602,-0.01884131319820881,0.5663511753082275,0.5723949670791626,-0.025744598358869553,0.5642356872558594,0.5863961577415466,-0.03341841697692871,0.5744146108627319,0.5464844107627869,-0.036471690982580185,0.5636755228042603,0.5714883804321289,-0.05000641196966171,0.5570962429046631,0.5919845104217529,-0.057220086455345154,0.5524015426635742,0.6096587777137756,-0.06197702884674072,0.5857284069061279,0.553477942943573,-0.03622854873538017,0.5772960782051086,0.5792486071586609,-0.05005478486418724,0.5737060904502869,0.6011132001876831,-0.055351849645376205,0.5711438655853271,0.6185166239738464,-0.05963350087404251,0.5967578887939453,0.558584988117218,-0.034816160798072815,0.5948958396911621,0.5836790204048157,-0.04854120314121246,0.5922134518623352,0.6040707230567932,-0.05442414805293083,0.5891178250312805,0.6225559115409851,-0.05821235105395317,0.6063103079795837,0.5621486306190491,-0.03293318301439285,0.6140308380126953,0.5788276195526123,-0.04391416907310486,0.618866503238678,0.5885049104690552,-0.0486539863049984,0.6209681630134583,0.599885880947113,-0.05206775665283203,19.260936000000015
0.5961852073669434,0.5263917446136475,0.0,0.5824894309043884,0.5328426957130432,-0.008996172808110714,0.5712155103683472,0.5504560470581055,-0.017893418669700623,0.5662427544593811,0.5703834295272827,-0.024228839203715324,0.5633941292762756,0.5843721628189087,-0.03147336468100548,0.5736660957336426,0.5479109287261963,-0.03362938016653061,0.5633832216262817,0.5727031826972961,-0.04612863063812256,0.5567700862884521,0.5927832126617432,-0.05275169759988785,0.5519912838935852,0.6104734539985657,-0.05714281275868416,0.5846412777900696,0.556154191493988,-0.033411815762519836,0.5769872069358826,0.5807980895042419,-0.04555383697152138,0.5734975337982178,0.6017866730690002,-0.04990968480706215,0.5710005164146423,0.6186062097549438,-0.05357501655817032,0.5956497192382812,0.5608630180358887,-0.032320767641067505,0.5935537219047546,0.5843240022659302,-0.04483580216765404,0.5912399291992188,0.6033145189285278,-0.05017133802175522,0.5886520147323608,0.6205645799636841,-0.05365772172808647,0.6054264903068542,0.5630040764808655,-0.03092111274600029,0.6137028932571411,0.5791429877281189,-0.041478004306554794,0.6190626621246338,0.5883553624153137,-0.04593198746442795,0.6221104860305786,0.5991367101669312,-0.04899042844772339,19.297213400000004
0.596697211265564,0.5261093378067017,0.0,0.5824504494667053,0.5329539179801941,-0.007655438967049122,0.5714216232299805,0.5515789985656738,-0.015938183292746544,0.5669499039649963,0.5728153586387634,-0.02176804095506668,0.5650505423545837,0.5883337259292603,-0.028523556888103485,0.5741913318634033,0.5470661520957947,-0.03281840309500694,0.5638065934181213,0.5738955140113831,-0.04462014511227608,0.5571080446243286,0.5941189527511597,-0.05065121874213219,0.5521767735481262,0.6111218333244324,-0.0546996109187603,0.5852560997009277,0.5544237494468689,-0.0330408439040184,0.5781837701797485,0.5814470052719116,-0.0454014427959919,0.5740714073181152,0.6031906604766846,-0.04983803257346153,0.5712324976921082,0.6196165084838867,-0.05346720293164253,0.5961439609527588,0.5589394569396973,-0.0321086049079895,0.5943068861961365,0.5840572714805603,-0.044679589569568634,0.5915895104408264,0.6044926643371582,-0.04998708888888359,0.5888992547988892,0.6221319437026978,-0.05340806394815445,0.6056662201881409,0.5620692372322083,-0.030677706003189087,0.6138176918029785,0.5790426731109619,-0.040990788489580154,0.6192304491996765,0.5880735516548157,-0.04531389847397804,0.6224014163017273,0.5979627966880798,-0.04836069047451019,19.34783809999999
0.5964857935905457,0.5270987749099731,0.0,0.5829734206199646,0.5332512855529785,-0.009454767219722271,0.5720376372337341,0.5502366423606873,-0.018875714391469955,0.5679583549499512,0.5711748003959656,-0.025416845455765724,0.5662485361099243,0.586126983165741,-0.03274068608880043,0.5747109055519104,0.5458927154541016,-0.035770248621702194,0.5635278224945068,0.5706820487976074,-0.048741936683654785,0.5568109154701233,0.5919387936592102,-0.05547697842121124,0.5521718263626099,0.6102718114852905,-0.05986032262444496,0.5855120420455933,0.5546294450759888,-0.03507326543331146,0.577133297920227,0.5802041888237,-0.04757076874375343,0.573031485080719,0.6024484634399414,-0.05193029344081879,0.5701309442520142,0.6193766593933105,-0.055644989013671875,0.596338152885437,0.5601531267166138,-0.03334617242217064,0.5937666893005371,0.5854012966156006,-0.0461539700627327,0.5913055539131165,0.6058944463729858,-0.05150898918509483,0.5886052846908569,0.6236413717269897,-0.05497315526008606,0.6057682037353516,0.5635694265365601,-0.031227070838212967,0.614170253276825,0.580959677696228,-0.04166677966713905,0.6198496222496033,0.5899177193641663,-0.04604440927505493,0.6230608224868774,0.5995743274688721,-0.04914897307753563,19.407567900000004
0.5965977907180786,0.5265622735023499,0.0,0.5825175642967224,0.5327863693237305,-0.008104217238724232,0.5711421370506287,0.5512934923171997,-0.016454603523015976,0.5661836266517639,0.5721175074577332,-0.022379467263817787,0.5636138319969177,0.5872489809989929,-0.029004940763115883,0.574049174785614,0.5476137399673462,-0.03168143332004547,0.5633838772773743,0.5739470720291138,-0.04314778000116348,0.5570586919784546,0.594427764415741,-0.04873877391219139,0.5522523522377014,0.6129128336906433,-0.05234234780073166,0.5850086212158203,0.554739236831665,-0.03141889348626137,0.5769428014755249,0.5817695260047913,-0.04248875007033348,0.5731066465377808,0.6032681465148926,-0.0456777922809124,0.5704718828201294,0.6209068298339844,-0.04841524735093117,0.5961166024208069,0.5593530535697937,-0.030247382819652557,0.593893826007843,0.5852943062782288,-0.04153572395443916,0.5914666652679443,0.6050769686698914,-0.04550159350037575,0.589120090007782,0.6228827238082886,-0.04802602156996727,0.606171190738678,0.5625267028808594,-0.028776049613952637,0.6138789057731628,0.5797910094261169,-0.03792958706617355,0.6185766458511353,0.5900518894195557,-0.04136941581964493,0.6211665868759155,0.6016709208488464,-0.04371856153011322,19.451430399999992
0.5954193472862244,0.5279996991157532,0.0,0.581400990486145,0.5358262658119202,-0.0076950788497924805,0.5706241130828857,0.5545485019683838,-0.016156114637851715,0.5660626888275146,0.57525235414505,-0.022193223237991333,0.5634670257568359,0.5908048748970032,-0.029087649658322334,0.5732548832893372,0.5487238764762878,-0.0328056775033474,0.563105583190918,0.5750681757926941,-0.045126043260097504,0.5566635131835938,0.5958420634269714,-0.05153469368815422,0.5518280863761902,0.6139006614685059,-0.05568642541766167,0.5844151973724365,0.5563141107559204,-0.03287723660469055,0.5768570303916931,0.5825256109237671,-0.04492175951600075,0.5732582211494446,0.6042633652687073,-0.048992689698934555,0.5705837607383728,0.621686577796936,-0.05238223820924759,0.595383882522583,0.5614214539527893,-0.03191370144486427,0.5932711958885193,0.5861620903015137,-0.04432521387934685,0.5910300016403198,0.6062562465667725,-0.0492362342774868,0.5885576009750366,0.6239553093910217,-0.05230805650353432,0.6049364805221558,0.5648404955863953,-0.030477970838546753,0.6131973266601562,0.5816603899002075,-0.04063070937991142,0.6185624599456787,0.5912092924118042,-0.04470192641019821,0.621432900428772,0.6020241975784302,-0.047486789524555206,19.511897000000005
0.5956286191940308,0.5277585983276367,0.0,0.5822675824165344,0.5349926352500916,-0.007359393406659365,0.5711807012557983,0.5531187653541565,-0.015539411455392838,0.5661717057228088,0.5740936994552612,-0.021498680114746094,0.5633703470230103,0.5891697406768799,-0.028280895203351974,0.5736631155014038,0.5503721833229065,-0.031094364821910858,0.5627724528312683,0.5759536623954773,-0.042834728956222534,0.5560961961746216,0.5964421629905701,-0.04909246787428856,0.5512826442718506,0.6144090890884399,-0.05325734615325928,0.5841670632362366,0.5575021505355835,-0.0313221774995327,0.5760324001312256,0.5828859806060791,-0.042396437376737595,0.5723253488540649,0.6041467785835266,-0.04630964621901512,0.5699177384376526,0.6213350892066956,-0.04975243657827377,0.5950271487236023,0.5618756413459778,-0.030605891719460487,0.5926252007484436,0.5870557427406311,-0.04207616671919823,0.5905222296714783,0.6068642139434814,-0.04688454791903496,0.5884897112846375,0.6243048906326294,-0.050128620117902756,0.6048711538314819,0.5645164847373962,-0.029482131823897362,0.6132363677024841,0.5819966793060303,-0.03915467485785484,0.6184989809989929,0.5916974544525146,-0.043191056698560715,0.6215007305145264,0.602642834186554,-0.046041205525398254,19.560946900000005
0.5955952405929565,0.5279762148857117,0.0,0.5815597176551819,0.5355846881866455,-0.008144396357238293,0.5703113079071045,0.5547004342079163,-0.016720116138458252,0.5656273365020752,0.5757796168327332,-0.02280242182314396,0.5627914071083069,0.5899980664253235,-0.029703384265303612,0.5724353790283203,0.5513632893562317,-0.03307930380105972,0.5619648694992065,0.5774338245391846,-0.04516950622200966,0.5556737780570984,0.5975441932678223,-0.051378846168518066,0.5508584380149841,0.6149146556854248,-0.055459197610616684,0.5835098624229431,0.5580236315727234,-0.03295472636818886,0.5757880210876465,0.5843316912651062,-0.04487372189760208,0.5723791122436523,0.6055504083633423,-0.0490792952477932,0.5699656009674072,0.6224147081375122,-0.05261312052607536,0.5946201086044312,0.561864972114563,-0.03182132914662361,0.5925601720809937,0.5875530242919922,-0.04416045546531677,0.5905794501304626,0.6073100566864014,-0.049428317695856094,0.588392972946167,0.6249834299087524,-0.052793219685554504,0.604473888874054,0.5645253658294678,-0.03023838996887207,0.61246258020401,0.5815472602844238,-0.04044380784034729,0.6175535917282104,0.5911417603492737,-0.044821321964263916,0.6201502084732056,0.6023805737495422,-0.04784851148724556,19.618014799999997
0.5944042205810547,0.5289471745491028,0.0,0.5812926292419434,0.5355676412582397,-0.00786040723323822,0.5703240633010864,0.5536448359489441,-0.016095338389277458,0.565371036529541,0.5745994448661804,-0.021981270983815193,0.5632294416427612,0.5890400409698486,-0.028663549572229385,0.5733292698860168,0.5500473380088806,-0.030961651355028152,0.5625119805335999,0.5756822228431702,-0.042439721524715424,0.555640459060669,0.5955564975738525,-0.048352986574172974,0.5504849553108215,0.6127668023109436,-0.05227559432387352,0.5841130018234253,0.5575270056724548,-0.031010229140520096,0.5756576657295227,0.5832981467247009,-0.041731927543878555,0.5715388059616089,0.6044967770576477,-0.045165713876485825,0.5685561299324036,0.621269166469574,-0.04825740307569504,0.595173180103302,0.5621879696846008,-0.03021170012652874,0.5926260948181152,0.5876104235649109,-0.04161640256643295,0.5901313424110413,0.6083609461784363,-0.04607139900326729,0.5873192548751831,0.6267777681350708,-0.04901354759931564,0.605148434638977,0.5647455453872681,-0.02905859611928463,0.6131781935691833,0.5824267864227295,-0.03865436092019081,0.6184309124946594,0.5914203524589539,-0.0423869825899601,0.6212106943130493,0.6014066934585571,-0.04498399421572685,19.67992190000001
0.5963338613510132,0.5273208022117615,0.0,0.5805844068527222,0.5367820262908936,-0.008520310744643211,0.5693150162696838,0.5549925565719604,-0.018554141744971275,0.5650359392166138,0.5744832754135132,-0.0255583506077528,0.5627126693725586,0.5894074440002441,-0.03345248103141785,0.5720729827880859,0.5486443042755127,-0.03974590077996254,0.5612278580665588,0.5755845904350281,-0.053812891244888306,0.5544466376304626,0.5972872376441956,-0.06116941571235657,0.5495655536651611,0.6158015131950378,-0.06608837842941284,0.5840323567390442,0.5560551881790161,-0.03966178745031357,0.5758580565452576,0.5840136408805847,-0.05494258180260658,0.5710687041282654,0.6065327525138855,-0.06124101206660271,0.5674038529396057,0.623771607875824,-0.0662347599864006,0.5953105688095093,0.5609234571456909,-0.03795936703681946,0.5927392840385437,0.5881325602531433,-0.053166888654232025,0.5897051095962524,0.6089864373207092,-0.06052581965923309,0.5869108438491821,0.6274451017379761,-0.06517772376537323,0.6045316457748413,0.5657544136047363,-0.035414766520261765,0.6117396354675293,0.5832130312919617,-0.047494880855083466,0.6163040995597839,0.5929864645004272,-0.053325243294239044,0.6184588074684143,0.6049006581306458,-0.057604942470788956,19.73496929999999
0.5951412916183472,0.529751181602478,0.0,0.5814340114593506,0.5358371138572693,-0.008094649761915207,0.5700732469558716,0.5538374185562134,-0.016477474942803383,0.5648359060287476,0.5747305154800415,-0.022474447265267372,0.5619765520095825,0.5892488360404968,-0.02934076450765133,0.5724788308143616,0.5505298376083374,-0.03167351335287094,0.5620632171630859,0.5747894048690796,-0.043988559395074844,0.5554987788200378,0.5951563715934753,-0.05068802833557129,0.5507612228393555,0.6131212115287781,-0.05506504327058792,0.5831528306007385,0.5586118698120117,-0.031616926193237305,0.5752216577529907,0.5835270881652832,-0.04308377951383591,0.5719006657600403,0.6049574613571167,-0.047162238508462906,0.569529116153717,0.6221127510070801,-0.05070916563272476,0.5940217971801758,0.5635911226272583,-0.030782129615545273,0.5916502475738525,0.587347686290741,-0.04296637326478958,0.5893945693969727,0.6075005531311035,-0.04824107140302658,0.5867762565612793,0.6253007650375366,-0.05163276940584183,0.6037279367446899,0.5661358833312988,-0.02956475503742695,0.6120332479476929,0.5823096036911011,-0.03973741829395294,0.6175556182861328,0.5911347270011902,-0.04406661167740822,0.6206116080284119,0.6009544730186462,-0.04707176238298416,19.783951400000007
0.5951673984527588,0.5298999547958374,0.0,0.5810739398002625,0.5368497967720032,-0.009447251446545124,0.5697399973869324,0.5525665879249573,-0.01912812516093254,0.5648893713951111,0.5713046789169312,-0.025941813364624977,0.5628405809402466,0.5844238996505737,-0.03382552042603493,0.5717954635620117,0.5505314469337463,-0.037141621112823486,0.5617420673370361,0.5745602250099182,-0.051094137132167816,0.5545763969421387,0.5956249833106995,-0.059099942445755005,0.5495160818099976,0.6143718957901001,-0.06453926116228104,0.5829030275344849,0.5595434904098511,-0.03688559681177139,0.5749651193618774,0.5832348465919495,-0.05076950043439865,0.5709988474845886,0.604465663433075,-0.05702117457985878,0.5681962370872498,0.6212164759635925,-0.06221436336636543,0.5939273238182068,0.5649558901786804,-0.035518527030944824,0.5913264155387878,0.5883305072784424,-0.050140321254730225,0.5888367891311646,0.6074348092079163,-0.057832226157188416,0.5861294269561768,0.6246957778930664,-0.06285321712493896,0.6034345626831055,0.5683251023292542,-0.033551763743162155,0.611719012260437,0.5841342806816101,-0.0458318293094635,0.6172192692756653,0.592391312122345,-0.051892105489969254,0.6201346516609192,0.6024784445762634,-0.05625958368182182,19.84207040000001
0.5949954986572266,0.5299270749092102,0.0,0.5800137519836426,0.5370491743087769,-0.009003227576613426,0.5691368579864502,0.5536007881164551,-0.018338263034820557,0.564984142780304,0.5733356475830078,-0.02464209869503975,0.5628572702407837,0.5877577066421509,-0.032124537974596024,0.5712376832962036,0.5516895055770874,-0.03850046545267105,0.5615442395210266,0.5762624740600586,-0.05253966152667999,0.5547865629196167,0.5973122119903564,-0.06027078628540039,0.5501619577407837,0.6151109933853149,-0.06547430902719498,0.582291841506958,0.5605735182762146,-0.03824147954583168,0.575119137763977,0.5842145085334778,-0.05297436565160751,0.5714944005012512,0.6057347655296326,-0.059285178780555725,0.5691277384757996,0.622186005115509,-0.06434743106365204,0.593082845211029,0.5657255053520203,-0.03668868541717529,0.5910983085632324,0.5868578553199768,-0.052197281271219254,0.588732898235321,0.6058089733123779,-0.060377221554517746,0.5862205624580383,0.6224963665008545,-0.06545425951480865,0.6025792360305786,0.5687078237533569,-0.03439809009432793,0.6112514138221741,0.5833495855331421,-0.04753612354397774,0.6170768141746521,0.5918583273887634,-0.054300371557474136,0.6204749345779419,0.6017040014266968,-0.0590156689286232,19.90740249999999
0.5940540432929993,0.5303459763526917,0.0,0.57978755235672,0.5369961857795715,-0.009176412597298622,0.5687482357025146,0.5543947219848633,-0.018617775291204453,0.5644943714141846,0.5746943354606628,-0.025192582979798317,0.5625565052032471,0.589343786239624,-0.032811734825372696,0.5708506107330322,0.551548421382904,-0.03703716769814491,0.5608445405960083,0.5762739181518555,-0.05079817771911621,0.5540732145309448,0.5970047116279602,-0.058276865631341934,0.5493374466896057,0.614714503288269,-0.06321249902248383,0.5820247530937195,0.5597003698348999,-0.03670869022607803,0.5745444893836975,0.5842746496200562,-0.05036652833223343,0.5709893107414246,0.6054913997650146,-0.0556674525141716,0.5685489773750305,0.6218662261962891,-0.060028087347745895,0.593164324760437,0.5645028352737427,-0.03527780622243881,0.5911104679107666,0.5874731540679932,-0.04942731186747551,0.5887261629104614,0.6066754460334778,-0.05601084232330322,0.5860691070556641,0.6236982345581055,-0.06019130349159241,0.6028789281845093,0.5670164227485657,-0.03331782668828964,0.6113278865814209,0.5825948715209961,-0.045163776725530624,0.6169949769973755,0.5912376046180725,-0.050610028207302094,0.620230495929718,0.6013259291648865,-0.054405201226472855,19.970781799999997
0.5948486328125,0.5302658677101135,0.0,0.5804860591888428,0.5366936326026917,-0.009443058632314205,0.5692022442817688,0.5527796745300293,-0.01892148144543171,0.5647931694984436,0.5728943347930908,-0.02550308220088482,0.5626306533813477,0.5879087448120117,-0.03320329636335373,0.5711456537246704,0.5505430698394775,-0.03723081946372986,0.5607428550720215,0.5747809410095215,-0.051252175122499466,0.5538129806518555,0.5958854556083679,-0.05926958844065666,0.5491368770599365,0.6139631867408752,-0.0647331103682518,0.581966757774353,0.5601701140403748,-0.036965519189834595,0.5743895769119263,0.5840712785720825,-0.05136953666806221,0.5704857707023621,0.6057211756706238,-0.05782113969326019,0.5676973462104797,0.6221314072608948,-0.06308134645223618,0.5928917527198792,0.5657246112823486,-0.03559199348092079,0.5906952619552612,0.5881210565567017,-0.050487078726291656,0.5884092450141907,0.6076148748397827,-0.05839919671416283,0.5858323574066162,0.6246442794799805,-0.06354020535945892,0.6024776697158813,0.5685644149780273,-0.03365100920200348,0.6108542084693909,0.583686113357544,-0.04625582695007324,0.6168183088302612,0.5916082262992859,-0.05268449708819389,0.620503842830658,0.6006736159324646,-0.05729587376117706,20.018820199999993
0.5930246114730835,0.5271124839782715,0.0,0.5796084403991699,0.535133957862854,-0.007800019811838865,0.5685868263244629,0.5536001920700073,-0.01640542969107628,0.56411212682724,0.574137270450592,-0.022666452452540398,0.5622627139091492,0.5878599286079407,-0.029782112687826157,0.5710422992706299,0.5499670505523682,-0.03253054991364479,0.5607128739356995,0.5755248069763184,-0.04496435075998306,0.5540626049041748,0.5957474708557129,-0.05158427730202675,0.5492630004882812,0.6135091781616211,-0.055954694747924805,0.582183837890625,0.5573004484176636,-0.03268394619226456,0.573857843875885,0.5833866596221924,-0.0447293221950531,0.5701720714569092,0.6044740080833435,-0.0492420569062233,0.5675978064537048,0.6214330196380615,-0.05301525071263313,0.5933211445808411,0.5620104670524597,-0.03189140185713768,0.5909503698348999,0.5879721641540527,-0.044549331068992615,0.5884937644004822,0.6077256202697754,-0.05031250789761543,0.5856935977935791,0.6254278421401978,-0.05396471917629242,0.6031267046928406,0.5650371313095093,-0.03058614954352379,0.6113234758377075,0.5833307504653931,-0.041018228977918625,0.6165316104888916,0.5936296582221985,-0.04568369314074516,0.6192314624786377,0.6051899194717407,-0.04894958436489105,20.079788199999996
0.5956982970237732,0.5273634791374207,0.0,0.5796267986297607,0.5355351567268372,-0.007513678167015314,0.5683190226554871,0.5529880523681641,-0.016887564212083817,0.5640282034873962,0.572338879108429,-0.023374605923891068,0.5615465044975281,0.5859352946281433,-0.03079688549041748,0.5710169672966003,0.5497333407402039,-0.0384305901825428,0.5602464079856873,0.5762307643890381,-0.05209463834762573,0.5533667802810669,0.5974230170249939,-0.05930371209979057,0.5484073162078857,0.6153319478034973,-0.0641903355717659,0.582701563835144,0.5576757192611694,-0.038607288151979446,0.5748104453086853,0.5844641327857971,-0.0538792610168457,0.5699933171272278,0.6061625480651855,-0.060510892421007156,0.566595733165741,0.6224849224090576,-0.0657062828540802,0.5937284827232361,0.5624630451202393,-0.037077952176332474,0.5914952754974365,0.5889652371406555,-0.05253128334879875,0.5886213183403015,0.6084873080253601,-0.060590710490942,0.5860900282859802,0.6258046627044678,-0.0655776709318161,0.6027952432632446,0.567082941532135,-0.03454795107245445,0.6108931303024292,0.5838994979858398,-0.046754539012908936,0.6160337328910828,0.5926116108894348,-0.053077418357133865,0.6186805963516235,0.6033759117126465,-0.057700227946043015,20.12314839999999
0.5938136577606201,0.528704047203064,0.0,0.5793424844741821,0.5368828773498535,-0.007687014527618885,0.5684692859649658,0.5546827912330627,-0.01659274660050869,0.5640988349914551,0.575016438961029,-0.022904740646481514,0.5618582963943481,0.5907383561134338,-0.030267588794231415,0.5705955624580383,0.550860583782196,-0.03566495329141617,0.56056147813797,0.5763785243034363,-0.049211226403713226,0.5538833141326904,0.5972745418548584,-0.056488730013370514,0.5490738749504089,0.6151733994483948,-0.06125354766845703,0.5817040801048279,0.5589771270751953,-0.036009714007377625,0.57402104139328,0.5846681594848633,-0.04976912960410118,0.5705956816673279,0.6063876748085022,-0.055035267025232315,0.5681883692741394,0.6234027147293091,-0.05926911532878876,0.5926533937454224,0.5641149282455444,-0.03514555096626282,0.5906785726547241,0.5879698395729065,-0.04944048821926117,0.5882875919342041,0.6076586246490479,-0.05594691261649132,0.5855622887611389,0.6249863505363464,-0.05995199456810951,0.6021654009819031,0.5671551823616028,-0.03358836472034454,0.610693633556366,0.5825812220573425,-0.04528576880693436,0.6163444519042969,0.5909862518310547,-0.05053670331835747,0.6193606853485107,0.6006590723991394,-0.05419149249792099,20.194035799999995
0.5941889882087708,0.5300392508506775,0.0,0.5797489285469055,0.5370913147926331,-0.009829738177359104,0.5685063004493713,0.553576648235321,-0.019933318719267845,0.5645365118980408,0.5728082060813904,-0.026869071647524834,0.563823401927948,0.5858752131462097,-0.034798093140125275,0.5706595182418823,0.5512471795082092,-0.03919100761413574,0.560627818107605,0.5753031373023987,-0.05352695658802986,0.5535242557525635,0.5965296626091003,-0.061607129871845245,0.5486974120140076,0.6143757700920105,-0.0670863464474678,0.5819188356399536,0.5598240494728088,-0.03856620937585831,0.5743072628974915,0.5836599469184875,-0.05334978923201561,0.5700230002403259,0.6048644781112671,-0.06003127992153168,0.5671292543411255,0.620864987373352,-0.06548137217760086,0.5930243134498596,0.5649039149284363,-0.03667566925287247,0.5907027125358582,0.5880261063575745,-0.05198721960186958,0.5881103277206421,0.6069791913032532,-0.06022104248404503,0.5855610370635986,0.6237272620201111,-0.06548210978507996,0.6025055050849915,0.5684438347816467,-0.03410280868411064,0.6103498935699463,0.5843546390533447,-0.0468258298933506,0.6159022450447083,0.5930158495903015,-0.05345309153199196,0.6191655397415161,0.6034587621688843,-0.058229636400938034,20.240390399999995
0.5933514833450317,0.5282087326049805,0.0,0.5786213278770447,0.5366997122764587,-0.007764007896184921,0.5678105354309082,0.5542616844177246,-0.016827303916215897,0.5637980103492737,0.5745334029197693,-0.023174617439508438,0.5617554783821106,0.5903493165969849,-0.030529877170920372,0.5704162120819092,0.5508995652198792,-0.03680063784122467,0.5605242252349854,0.5762896537780762,-0.0504545234143734,0.5539796352386475,0.5973672270774841,-0.05768285319209099,0.5492931604385376,0.6149226427078247,-0.06245814636349678,0.5816391706466675,0.5592372417449951,-0.03703521564602852,0.5742631554603577,0.5837997198104858,-0.05187242478132248,0.5701717734336853,0.6055184602737427,-0.05763949081301689,0.5672024488449097,0.6218379735946655,-0.06202332675457001,0.5925702452659607,0.5642144083976746,-0.0358690544962883,0.5906529426574707,0.5871899724006653,-0.05096900463104248,0.588155210018158,0.6071011424064636,-0.05773082375526428,0.5854398608207703,0.6242094039916992,-0.06170117110013962,0.6019513010978699,0.5673618912696838,-0.03393575921654701,0.6105045080184937,0.5828543901443481,-0.046048108488321304,0.6161566376686096,0.5912357568740845,-0.05144411325454712,0.6193975806236267,0.6004768013954163,-0.05510757863521576,20.31361720000001
0.5940341353416443,0.5284014940261841,0.0,0.5796252489089966,0.5347104072570801,-0.00771191855892539,0.5683974623680115,0.5527820587158203,-0.01626516692340374,0.5636285543441772,0.5741292238235474,-0.022358352318406105,0.5611708164215088,0.5893520712852478,-0.029326755553483963,0.5711117386817932,0.5501217246055603,-0.0335211381316185,0.5602943301200867,0.5763564109802246,-0.045849770307540894,0.5534096956253052,0.5969370007514954,-0.052292026579380035,0.5483548045158386,0.6150023937225342,-0.05658431351184845,0.5819602608680725,0.5581803917884827,-0.03364188224077225,0.5739805698394775,0.5840583443641663,-0.04573175683617592,0.5696618556976318,0.6050930023193359,-0.04992474243044853,0.5665967464447021,0.6216991543769836,-0.053530726581811905,0.5929991602897644,0.5628947615623474,-0.03264850750565529,0.5905550122261047,0.587937593460083,-0.04488510265946388,0.5880497097969055,0.6072784066200256,-0.04993925243616104,0.585654079914093,0.6243147850036621,-0.05330086871981621,0.6028094291687012,0.5658512115478516,-0.031193876639008522,0.6109395027160645,0.5824063420295715,-0.041371095925569534,0.6161582469940186,0.5914980173110962,-0.04564697667956352,0.6191288232803345,0.6021386981010437,-0.04868228733539581,20.359850800000004
0.5923347473144531,0.527186393737793,0.0,0.5780515074729919,0.5364741086959839,-0.00806127768009901,0.5676973462104797,0.554838240146637,-0.017195506021380424,0.5639544129371643,0.5751853585243225,-0.02356824278831482,0.5623220801353455,0.5899765491485596,-0.03105033002793789,0.5699284076690674,0.551499605178833,-0.03713931888341904,0.5602828860282898,0.5766202807426453,-0.050979115068912506,0.5535345077514648,0.5975617170333862,-0.05871262401342392,0.548706591129303,0.6153016090393066,-0.06399223953485489,0.5811640620231628,0.5593687295913696,-0.037323933094739914,0.5741907954216003,0.5837629437446594,-0.052073609083890915,0.5703814029693604,0.605605959892273,-0.05851442739367485,0.5676801204681396,0.6222588419914246,-0.06369443982839584,0.5921135544776917,0.5641427636146545,-0.0361388735473156,0.5905991196632385,0.5865428447723389,-0.05118715763092041,0.588325560092926,0.6058851480484009,-0.05893437936902046,0.585767388343811,0.6228063106536865,-0.06384886801242828,0.6015853881835938,0.5673012733459473,-0.03420069068670273,0.6103034019470215,0.5827650427818298,-0.046708572655916214,0.6159847378730774,0.591390073299408,-0.05306917801499367,0.6191239356994629,0.6013982892036438,-0.057614170014858246,20.416130100000004
0.5949928760528564,0.5270139575004578,0.0,0.5795683860778809,0.534385085105896,-0.0075817652978003025,0.5679996013641357,0.5521932244300842,-0.01658492535352707,0.5634657740592957,0.5723434090614319,-0.023055488243699074,0.5608968138694763,0.5868974328041077,-0.030421879142522812,0.570509672164917,0.5498315691947937,-0.03528917580842972,0.5596678256988525,0.5762467980384827,-0.048248179256916046,0.5527876019477844,0.5969142317771912,-0.055344291031360626,0.5477656126022339,0.6146483421325684,-0.06020074710249901,0.5820854306221008,0.5576195120811462,-0.035665299743413925,0.5739725828170776,0.5841997265815735,-0.049435749650001526,0.5692273378372192,0.605474054813385,-0.05541324242949486,0.565820574760437,0.622260570526123,-0.06026019901037216,0.5933558940887451,0.562194287776947,-0.034661028534173965,0.5911502838134766,0.5882865190505981,-0.048287201672792435,0.588394820690155,0.6079182624816895,-0.05507293716073036,0.5859727263450623,0.6252898573875427,-0.05956834927201271,0.6029812097549438,0.5659776926040649,-0.032986778765916824,0.6101401448249817,0.5825077295303345,-0.04400094598531723,0.6148073673248291,0.5914472341537476,-0.04933399707078934,0.617136538028717,0.6026551723480225,-0.05329731106758118,20.467043700000005
0.5929641723632812,0.5283144116401672,0.0,0.5789108276367188,0.5349657535552979,-0.007484437432140112,0.5680068135261536,0.5532141327857971,-0.01563207060098648,0.563434362411499,0.5746040344238281,-0.02141384966671467,0.5614081025123596,0.5902606248855591,-0.028106624260544777,0.5702062249183655,0.550590455532074,-0.03212829679250717,0.5601239204406738,0.5759084820747375,-0.04423813149333,0.5536216497421265,0.5962582230567932,-0.0505746491253376,0.5489009618759155,0.6141583919525146,-0.054729703813791275,0.5810768008232117,0.5588240027427673,-0.032279122620821,0.5735713839530945,0.5836421847343445,-0.04436714947223663,0.5696052312850952,0.6045474410057068,-0.04857851192355156,0.5668993592262268,0.6210148334503174,-0.05202585458755493,0.5920059680938721,0.5637244582176208,-0.031423281878232956,0.5900312662124634,0.5874336957931519,-0.04407973960042,0.5875222086906433,0.6069616675376892,-0.04941367730498314,0.5850009918212891,0.6242380142211914,-0.05269986018538475,0.6016486287117004,0.5663751363754272,-0.03006291761994362,0.6098705530166626,0.5821825861930847,-0.040465690195560455,0.6154417395591736,0.5908916592597961,-0.04481688514351845,0.6189000606536865,0.6007663011550903,-0.04777180030941963,20.527739800000006
0.5922830700874329,0.5273726582527161,0.0,0.57815021276474,0.5354713201522827,-0.007341462187469006,0.5672224760055542,0.5538392663002014,-0.016109291464090347,0.5625844597816467,0.5743169784545898,-0.022393010556697845,0.560240626335144,0.5885642766952515,-0.029547419399023056,0.5700269341468811,0.5510175824165344,-0.03446337580680847,0.5593624114990234,0.576190710067749,-0.04736076667904854,0.5526787638664246,0.5969428420066833,-0.05418820306658745,0.5478429794311523,0.6146647334098816,-0.05866561457514763,0.58091139793396,0.55780428647995,-0.034686289727687836,0.5728893876075745,0.5833753347396851,-0.047459159046411514,0.5688844919204712,0.6050633788108826,-0.052019376307725906,0.5661069750785828,0.621913731098175,-0.05584419518709183,0.5919668078422546,0.5619369149208069,-0.033678870648145676,0.589630663394928,0.5865943431854248,-0.04649588093161583,0.5872488021850586,0.6065490245819092,-0.05177765712141991,0.5848789811134338,0.6237847805023193,-0.0551610104739666,0.6016443967819214,0.5649069547653198,-0.03208649158477783,0.6098498702049255,0.5816542506217957,-0.04247322306036949,0.6150255799293518,0.5910132527351379,-0.046834807842969894,0.6178545355796814,0.6016679406166077,-0.04991915822029114,20.57200259999999
